369
888
351
606
1137
6560
783
1769
4962
12361
9810
21
245
527
136
232
552
235
379
567
966
58
2471
1138
763
95
1469
593
2076
554
1018
3545
111
1021
2330
2204
1312
2907
347
2406
1199
744
6149
6069
1300
1960
4375
7643
2613
4459
12393
7505
9768
5189
9947
10607
13551
5477
5478
8195
32136
29375
2701
29367
23799
30116
29369
29487
48197
55285
39038
3665
1382
1658
6246
2536
3254
3427
2327
725
2894
4379
3370
3912
10077
21975
459
2397
7045
2649
3463
2633
18533
42399
6385
36528
44588
27497
40078
52646
481
189
1313
104
129
800
396
561
233
105
127
13201
2284
2694
332
832
12481
5475
2566
5088
11203
25063
227
665
51
221
2356
1558
660
3454
33149
676
4601
3583
4645
5548
9341
9507
3817
22561
28117
52154
570
393
1363
8362
7715
42279
53968
2617
31676
1381
41880
40302
508
318
4052
1450
171
48347
45344
19695
377
581
557
2526
2441
2540
17659
31750
4849
3393
3301
2375
2721
4840
1159
4260
4867
17405
6412
29992
22329
21869
52155
543
1118
372
2962
4793
1078
8490
757
2947
23661
5943
9451
21297
16480
53963
963
1124
1422
1754
41043
249
263
1281
243
180
553
285
3369
598
1508
1684
2484
4067
3935
12483
1975
9900
10623
8220
48904
1593
29391
1369
1387
4304
10917
938
2262
1495
3039
1529
1512
2365
4561
2373
5558
5117
4848
2538
3567
5664
5663
5665
4967
4495
5543
5987
52158
405
304
5157
7985
5314
42400
1709
191
1094
7248
31133
1757
22055
12885
4941
24679
41203
25089
52809
52641
287
288
812
764
352
445
1608
1465
1962
3458
34490
48134
48206
7229
601
822
564
1797
1248
1112
734
2420
2991
2189
2535
3140
3587
828
3300
3536
4541
3377
4400
3540
5570
23707
49498
187
460
2398
2385
2654
2653
2645
50137
2217
1539
9777
6245
23583
25069
10139
16460
25071
874
272
100
52
253
403
383
1048
836
1164
1728
289
1492
909
1126
1005
1249
555
2014
959
1179
2495
2259
2036
3736
5200
2521
3561
2362
4586
3151
7960
3776
7109
17487
32590
29373
1734
20505
35576
208
1177
3288
1634
2261
556
1273
823
2863
2533
2796
3382
4493
2379
4357
33150
4463
2368
3082
1402
4644
5545
5687
5556
9519
9352
52156
522
1364
2450
53961
192
1755
1758
12485
10409
29363
24645
23741
25083
25079
24647
25073
25081
25075
44683
120
154
551
168
509
397
1098
952
1676
3772
6625
10360
4940
7452
11525
32580
4460
35575
368
3247
595
259
1064
797
1056
1821
675
211
2191
3411
2350
1949
2776
2328
1613
4009
3953
3529
4717
3380
9325
4833
5605
5285
9317
5553
5557
25591
17955
30263
18085
22489
22451
22565
22491
22563
30468
42501
22493
22567
53508
199
5
1119
1361
3032
4794
1028
484
2948
8839
4524
6310
9495
4733
17961
27651
27495
21947
48216
7728
30825
1413
399
1756
20667
3849
25087
34892
25085
52622
53509
270
22
135
246
156
276
1614
181
1157
1678
2390
831
682
321
1145
1156
3012
799
580
1493
1664
2934
3104
27721
3290
5018
9433
10989
2277
2475
53025
401
124
2324
1408
1622
695
991
361
1406
1781
3040
2410
33145
2442
1768
2872
4496
2439
3705
1513
3826
3980
5733
3539
2440
2278
3378
4729
4310
3094
2990
5402
6903
4098
5586
5547
5575
5588
7154
5567
9221
9316
30264
22447
22485
17481
22487
22571
18083
22449
22575
22483
22569
22573
22577
18081
50176
22279
452
866
608
2895
1752
7329
15399
9817
52638
52194
659
1525
632
6975
10036
42228
52605
71
195
165
1669
144
1019
1707
353
1224
652
708
623
1597
2287
1705
5474
7525
48215
1102
256
137
190
1072
2512
1980
1596
425
1105
2797
647
2377
3981
2541
2146
683
3093
3384
3902
3490
2537
2794
5773
4557
5559
17427
38174
41027
461
2386
3033
1290
2655
1370
1141
3963
3964
2133
2733
2652
2631
19907
53941
3861
5458
2336
2010
1789
13287
40104
18815
36163
52621
59
66
48
1132
687
153
53
122
306
1710
107
1133
175
260
200
197
162
1744
183
337
1706
3006
3271
1745
2732
8956
31054
18005
24355
35577
1004
821
299
972
982
128
1785
1427
2357
2943
887
1895
1385
3385
1353
1511
1611
2430
2206
3911
1702
3303
1770
3066
4606
1404
3921
6622
1937
2190
2777
5646
5610
5572
33151
4497
8431
5607
12551
9304
8883
1365
492
3744
378
1733
11995
30481
53939
6709
1677
721
7
529
419
296
1127
1628
231
980
1623
3355
10237
37798
28733
53022
382
1080
615
254
3080
1780
2346
5569
179
1386
3578
2275
4476
2185
1854
3560
2431
5674
3922
1038
2186
2007
4799
3628
4488
4489
5403
3824
5590
597
1033
1120
3031
4795
1670
12279
19271
12799
8403
17219
20113
31052
35520
35521
1418
5051
1753
4934
31494
14367
40250
20225
23597
20
467
387
1564
93
132
341
274
277
17
1685
958
2004
327
833
1792
446
653
835
328
611
751
3193
1947
4068
1712
12359
5473
27723
25609
51085
1257
443
194
881
976
1787
1084
1081
1111
1633
2531
319
359
2917
3452
2788
1999
2821
3046
2015
4868
2399
3533
5550
5154
3516
450
1380
2033
216
7330
33828
23523
50313
1335
2235
2488
7474
1996
4997
3265
12351
17785
39780
22361
6579
7709
25597
42198
202
298
1668
1946
2363
273
624
266
421
1097
1675
776
1456
1708
1667
3519
3098
7048
16027
18447
7750
1205
55624
138
1174
1635
3058
2590
1263
2946
14685
2371
4363
3538
1234
2944
1964
362
1928
1904
2266
3329
1782
1748
3566
2376
3527
24743
4852
2936
4603
8949
4692
5614
5560
462
2393
6305
20185
13423
28091
12069
1311
1143
12725
27939
5996
6153
3381
707
37857
41191
24637
34688
52644
50938
486
26
61
97
250
167
427
521
1816
618
230
335
407
178
113
971
292
840
236
271
1037
1683
684
1083
545
1713
2382
5071
5129
3637
2738
2735
12809
20123
56462
6505
7466
35579
1303
2432
788
1350
258
2349
1995
824
1403
753
3107
1510
1039
2348
2935
2380
3309
5645
33152
4604
4340
2208
4638
2778
4298
5606
6015
10112
51763
49611
19497
1366
758
2141
8363
17959
264
761
596
1237
704
920
5865
2421
30066
22239
52648
72
257
133
196
62
838
610
261
294
301
2486
1837
1409
1617
4801
4104
39936
15479
4266
265
541
1357
2433
2988
559
176
2982
748
2734
3308
2370
2532
2437
3160
1582
4350
2444
5049
5613
4487
5398
5555
5551
39106
50972
51584
1121
548
5529
1209
7877
4147
2941
18637
20189
11791
29767
27491
30204
52690
6877
631
1424
1014
5288
1129
2353
6328
23933
1774
11445
37789
40251
3190
5492
20235
12371
34690
8229
121
329
60
134
267
169
147
114
193
1050
209
394
161
385
279
130
579
497
709
620
1103
348
56
2108
1490
344
1128
3101
592
2501
2233
6523
7751
2742
23313
10239
1055
30663
2372
454
1359
1679
1783
255
2352
2351
4011
3802
1113
1268
5147
2195
625
3439
4364
3402
4000
1058
3267
5552
21121
12497
33176
39827
35489
35175
39625
759
451
731
3215
8108
3547
3496
9795
30098
594
1238
1487
3266
1994
3429
1373
654
9568
27493
23315
33422
23407
323
801
158
603
242
204
222
1082
284
2789
1246
636
693
148
1149
2391
112
295
927
3638
2740
48260
11897
11883
35331
54169
139
1023
830
438
1085
108
864
2138
2534
1798
3048
2958
2861
2209
2435
1053
1977
5208
681
1099
3379
4558
4803
2956
5408
5608
7122
8965
22231
23983
32255
29549
26115
468
974
463
2490
1259
1203
2656
17963
37112
29611
52697
645
2298
10949
41306
52642
24441
205
19
384
174
18
330
251
102
634
516
109
146
417
1110
252
872
340
649
131
275
1086
159
1371
1104
533
5967
964
2337
4443
786
234
1590
2234
3182
1574
1839
7955
10987
11497
34249
25611
10953
12613
29740
48287
8701
35574
514
524
1401
651
724
1896
2871
1500
1376
2978
2955
262
622
1636
827
2134
3350
2588
1586
422
363
2307
2021
2378
3108
547
12225
2791
5411
3920
9270
39295
3497
12981
54
1367
8364
39362
9818
53965
7304
4450
3468
5691
9170
1898
1741
27677
25985
226
395
241
63
166
75
229
483
444
525
546
648
655
244
1377
2727
5343
2741
1656
29385
151
1917
428
3948
1020
766
3324
932
921
1388
2145
2436
2276
1788
2862
3105
3582
983
4562
2434
6068
3556
5399
29961
27557
442
1122
875
565
1894
1192
844
705
6695
42135
23659
21969
21963
18315
44725
44675
2248
3485
642
1109
2269
1317
5845
1429
1874
2309
4946
23935
765
7571
7862
24883
52686
269
57
24
239
482
64
240
25
98
94
76
627
74
28
343
143
297
173
119
2213
125
455
688
247
29
1524
346
8
336
600
278
1746
2109
685
1167
510
613
23
1711
1955
1883
749
29836
35817
10242
39264
33791
47983
1002
741
3287
391
281
669
3050
1360
2858
2325
2194
2445
2140
3532
5393
562
1075
3531
8966
12881
25613
431
433
449
884
4091
8109
54082
762
3469
9486
2027
30143
9528
13795
16988
6524
101
50
157
325
487
1532
519
184
1929
342
406
364
141
485
354
1196
928
349
4667
2308
960
2707
8189
4049
25809
29843
19311
31696
30409
756
1223
5842
357
389
448
747
358
760
2136
2396
2896
3403
3728
2945
3976
3157
1515
423
402
1933
20797
29733
39146
464
713
1379
815
2123
814
11019
2111
4475
13513
4103
3669
38078
5889
16776
664
1817
673
4361
9967
989
40347
33874
33875
45622
44358
237
16
177
67
27
15
149
479
248
198
1250
412
478
345
738
1974
126
308
456
8687
668
2489
712
2523
505
706
754
4416
4050
988
3724
22709
30138
40299
7511
819
981
7396
1135
2841
2539
1514
5209
3307
1632
3062
5324
1779
6235
503
3581
1544
7430
3336
3681
2187
2260
6000
3695
30961
1505
1967
1930
8365
5421
17493
28685
29842
52906
34744
52696
53940
376
1003
4156
38810
36032
689
6107
35686
3863
22031
34691
40365
79
73
390
488
411
591
490
489
1642
291
470
1374
614
473
612
309
511
1035
3768
4314
9070
29387
48254
48195
5602
18773
54177
54172
413
2873
609
398
2413
1147
2446
3896
1389
5890
3250
2507
2457
5568
1926
2455
22053
39107
39328
18475
430
936
317
1526
793
807
6152
9785
911
3646
7809
7510
3465
39363
4544
9501
7420
17215
21959
33607
33465
408
2951
656
2449
6291
5347
5844
1414
10947
475
32684
1905
2910
15159
39333
20207
19479
34476
29889
8670
34692
457
355
150
228
68
322
469
477
65
658
584
77
99
476
670
152
388
694
471
3270
1316
282
915
69
2110
1123
913
1193
1845
858
1778
280
7395
4553
8595
29485
825
574
13793
33692
21275
1074
770
517
1253
746
811
1241
429
588
3771
2411
2808
2438
2188
2447
2869
2137
3171
2412
4356
3004
3729
9494
3557
4378
1907
8928
15937
3832
26197
53005
53006
52338
56378
1961
950
1968
1931
1983
4070
3070
35859
17469
3466
2020
644
641
3057
560
1749
1631
3449
1235
4508
1624
5501
28339
24975
39332
39810
33876
21941
356
790
710
587
586
558
886
667
576
590
798
1534
750
817
1655
577
671
771
5968
2285
3112
4823
2244
4563
2232
4101
3769
27451
33670
34358
19325
44167
52369
53910
54868
33281
777
908
995
6904
933
837
3559
1368
3537
1202
3888
3478
4004
4365
2960
2859
3034
2395
994
1071
848
2139
2181
1621
5167
5108
9445
7982
465
1140
2392
1773
1969
6463
2407
4306
3659
10627
23979
8205
54095
834
1066
2448
6330
2580
1841
3401
10948
1659
6741
686
40667
3570
51162
54171
22591
35297
29503
52384
853
918
889
849
934
877
857
861
856
846
855
969
935
957
859
962
845
873
953
940
850
880
907
990
789
916
860
879
863
1067
878
941
1516
910
854
944
942
919
2214
973
1410
2619
943
1070
1200
1881
2713
1886
4114
13679
965
20945
968
2786
1884
1771
1872
4737
11521
6077
2024
10525
1739
5821
5374
3414
17613
13503
9821
32417
49555
52370
1299
11869
11915
8533
33693
39037
29393
1838
1640
1916
3992
3286
2506
3422
3706
5321
2329
5576
5401
30985
3517
52152
52151
1506
2884
11009
8366
1031
7112
2388
44669
43894
1015
1847
1869
2237
5244
1750
2294
1489
6657
1843
39738
1625
1001
39514
33877
10270
1195
1210
1222
1142
1454
1013
1218
1221
1243
1230
1509
1214
1219
1194
1738
1198
1578
607
1812
1247
2518
1740
4316
7629
24121
33083
48288
48346
1215
1220
1856
33282
1639
1556
2135
2866
8278
1480
1501
2875
2868
1648
2505
4698
2394
5802
5644
13643
3795
1584
5785
3580
6182
6266
6270
6181
6271
3113
3498
6272
6183
29231
6273
52987
56379
2236
2144
1829
2201
1681
8491
1906
2767
9786
42136
6939
33144
18591
21957
1566
2589
1830
2842
4910
4353
4650
4851
36825
3138
1857
4071
30625
1790
1903
3028
10207
2464
23753
10373
30145
5783
33878
15815
19557
34353
34356
29483
34693
54280
1535
1575
1482
1604
1519
1559
1530
1571
1536
1594
1562
1565
1606
1498
1579
1546
1589
1568
1569
1557
1212
1601
1538
1543
1555
1570
1581
1588
1592
1554
1602
1583
6609
1587
1912
1591
1835
1541
1703
1561
1868
1603
1600
1882
2717
17291
8900
1863
22345
15913
9426
8345
22651
3372
25615
30048
48338
56463
1576
1527
11691
3535
6721
1828
33694
1813
1531
1747
1729
1619
1609
1732
1682
2867
1654
4399
1692
2870
3747
3998
2319
2957
3793
3854
27855
27389
52103
53136
1943
1686
2154
2950
1911
2606
4124
4761
5503
7547
39206
1719
2124
1718
2954
28603
6226
4827
35326
24527
6522
17006
34014
1735
1698
1860
1956
1852
1842
1836
1810
1858
1607
1826
1695
3576
1932
1988
1864
1942
1693
1865
1724
1991
3146
9806
1885
22439
41115
41118
36881
41114
48340
41156
45760
4130
1725
1696
2148
1862
1888
2928
2238
3479
2205
2597
2417
2852
3970
3027
4607
1720
2883
1902
5819
3334
6227
6267
49752
39105
35172
1689
2107
3603
2178
2756
2673
2408
8551
10005
3362
2173
25963
8355
13507
54872
1953
3791
2198
3392
2212
5168
30262
2193
5652
39316
5449
33717
52687
34694
32369
34695
42191
51266
2001
2025
1818
1887
2034
1691
1292
2104
2026
1827
1690
1699
2164
2002
2156
1722
1965
2159
2130
2158
2030
2142
1915
1808
2112
1914
2031
2161
1727
2035
1694
2155
1721
2105
2152
10870
1941
2106
2032
2162
1878
2153
2215
2157
2165
2620
5520
4444
9200
7522
3885
19467
10705
20087
3073
29399
29745
29389
32418
45765
45293
40105
5207
44506
5391
1731
2752
3931
2798
2163
3102
2143
2170
3944
2169
4491
3999
2989
4027
3916
3941
5859
4816
4494
4492
2168
4355
3833
5589
3945
6268
9257
52340
52339
1815
2175
2171
2132
2174
2176
3222
2172
3367
4471
53878
32920
34248
44671
2905
2832
6591
2615
3954
2743
2784
17551
2517
2911
3234
6628
3864
7333
7427
18669
39315
8180
37387
8644
31033
16482
41111
41184
41119
56972
2251
2476
1840
1889
2605
2246
1726
2404
2216
2608
2602
2683
2367
2166
2604
1688
2564
2744
2603
2684
2552
5276
38568
41117
40406
2967
45615
45614
45616
2131
2563
3121
2891
4600
3430
4590
3711
2267
3302
3919
4730
5210
3906
3917
4699
4017
5136
8079
5439
29750
2759
2418
2472
1723
2847
2594
3508
2746
2848
6032
3223
12163
21293
19905
21953
29886
31116
11681
48884
54364
2994
2899
6064
6361
3221
3174
2751
3447
3419
5256
4712
7550
3019
3686
3292
3406
25271
12877
3248
13955
18729
3853
7775
34622
33880
33879
41076
2167
3002
2787
2924
2581
2923
2926
2963
2596
2403
2494
2927
2986
2508
2795
3001
2985
2369
2595
2970
2562
2964
2942
2772
1807
2931
2965
3000
3493
2929
3738
2719
10526
6798
22441
3251
3164
5468
8191
9533
3243
2930
12185
20173
35508
40273
54051
48160
3456
11679
11689
8333
39286
21277
41158
44670
2685
3210
10622
3318
3918
3088
3086
2971
3085
3636
3707
3940
3622
3995
3417
4701
3991
4555
3256
4732
4653
3111
5173
9365
17933
27405
8346
28563
35164
2593
2889
3782
13709
2969
3269
3326
23697
3051
5848
9789
5799
6518
6150
23125
3965
3090
3165
4454
7303
3219
3618
4421
3410
3227
20391
3003
4075
3245
41075
4566
33998
34354
54249
21955
34355
50158
2966
2993
2129
3342
3228
3297
3229
3299
3420
3366
3225
3226
3231
3298
3166
3389
3710
3692
5725
3501
3295
3424
3573
3514
3704
32660
3500
29401
38569
41159
41116
54052
4187
8936
26347
3973
34696
48908
3759
3375
3328
4596
3515
3323
3268
4010
3939
3011
4033
3679
4312
4166
3680
10048
4127
5686
4278
4213
4480
4479
5693
7803
52145
3783
3848
5096
5290
26053
3575
43385
3901
4182
4134
3352
3956
3674
3887
4082
6234
4469
14957
4078
7261
7882
4173
6251
4202
11281
28815
8304
41019
42972
52688
42698
51954
2904
3588
3455
3457
3470
3731
3092
3503
3655
3701
3572
3091
3972
3230
3358
3407
3613
3841
3656
3359
4038
3549
4039
3616
3615
3673
4080
3322
3627
3577
3363
3859
4197
3840
4362
10810
4056
5854
5938
10527
4051
4383
4331
3975
6482
13177
18937
10706
29746
37941
35106
38570
41160
48229
56498
4535
4136
3962
4939
4417
29751
4053
4358
4502
5348
4360
4763
4320
3641
5315
4057
13223
4342
5211
5054
3390
5522
3923
17471
4280
5365
4447
8367
28235
9254
22165
42137
8356
9351
9447
13509
43612
51303
53943
4760
3354
21195
4772
6401
4798
5196
5539
5715
28911
28813
25749
33881
29481
35996
34697
4081
3712
4063
3667
3467
3974
4151
4196
4415
4262
4021
4028
3604
4483
4662
3614
3668
4264
4209
5304
11841
4684
4547
32419
40407
3167
4177
5165
5164
5193
34700
3702
4472
4015
4188
4473
4094
5116
35118
5097
5493
5194
4786
5080
5172
5212
3805
5427
4646
6809
5214
5213
5281
5109
4961
38354
2890
4437
4282
4107
4026
4672
3089
5496
28103
21967
21951
33533
34113
44713
4059
6945
5152
6489
5163
4886
5065
5333
4715
9591
6783
4205
8317
5298
5072
5199
5351
8709
8908
6567
5019
6566
5056
6312
5484
4685
5192
28237
50473
4224
4181
4898
4654
4214
4752
4975
4722
4725
5040
5231
4087
4814
3958
4789
4981
4548
4744
3927
4551
4477
4581
4884
5262
3713
5039
4879
4550
3654
3653
3464
4903
5005
4066
4549
5027
4908
5397
5082
5235
4905
5234
5184
5089
19501
32842
34363
5583
11687
5322
11729
8968
56426
5042
4866
4872
4163
5252
5228
9874
3574
4765
5464
5020
5216
4232
5424
5045
5316
6041
5743
5455
5643
5603
5656
6297
35502
23889
35270
4835
5204
3446
4983
6795
5029
5291
4703
9053
8145
6517
44517
44673
5764
8422
5538
7041
5332
7083
10549
13691
16415
6878
32503
21215
6355
12689
33126
33882
17004
37421
33927
41161
54380
5258
5300
4186
4999
5030
5112
5079
4720
5420
5034
4726
5028
5162
5074
4618
5702
5233
5307
3750
5684
5155
5505
5883
5809
5810
5841
17090
33123
34665
35107
53021
45298
45281
5060
5118
5957
32296
33537
44518
3652
5177
4918
4938
5521
4195
5947
4811
5959
5651
5369
5877
6122
6286
6220
5993
6120
5653
28489
31317
25617
50746
53155
56259
4970
6624
6930
5753
5710
7718
5238
7536
5240
8081
6156
10603
52706
53962
52705
6127
5279
5955
6163
6115
5717
6984
11483
6368
6299
5849
11299
8314
29837
8316
16041
29475
33999
39036
41113
5114
5680
5630
4382
5530
6033
5682
5525
5355
5507
5941
4192
5342
5150
4719
5671
5962
3594
5734
5835
5220
5597
5984
5675
5041
6024
5504
5226
4657
5485
6008
6117
5494
5983
6130
6116
6525
6131
6119
6658
7247
6481
27455
17102
29747
48318
34182
48301
8743
6318
7230
6491
8176
6568
37547
26007
22845
5781
5667
6007
2952
6171
23701
5593
5902
5713
6151
6392
3593
6438
5751
6590
6231
6194
5305
6465
6148
6337
6686
6685
4804
6531
6402
5031
6422
6513
6687
28561
52147
52146
4565
5460
4246
5178
6169
5386
8368
6189
10436
6688
13817
44657
43897
43895
5772
5978
6479
6704
14617
6275
5419
19945
15291
6705
6736
6587
6999
8837
6748
6743
6726
6607
6437
15093
6554
6861
10511
8963
6684
51200
42697
26209
6206
34698
51373
5081
5341
6211
5356
6201
4896
6030
6377
6164
6098
5914
5973
6129
5454
6425
5141
5670
5945
6604
6947
6822
29003
31547
24875
38121
36167
35364
40408
49065
44174
45290
45941
10384
18449
6890
10306
30155
6992
32642
32639
14069
33500
34371
18577
6768
6187
5762
6050
6380
6443
6892
6690
6635
6694
7113
6692
6558
7262
6689
7179
6891
9708
6691
6641
33705
6528
33349
35163
3784
5681
6675
5205
6325
3087
6178
6927
5084
5998
6281
6670
7285
7314
6062
6693
17213
21945
9819
30407
6063
39306
52857
44699
44674
44667
44680
55607
44739
44635
6351
6421
6793
7017
7902
6948
6896
10470
6882
6344
7016
8705
6555
6885
7453
23179
7857
7540
7060
7108
7759
6327
10666
6909
10735
25291
10901
15129
42601
29403
6702
6045
6213
5958
6573
6205
6811
6512
6682
7193
5909
5940
5678
6444
6774
6586
6203
7082
6023
6758
6676
6633
6165
6112
4189
6712
7103
3349
6980
7152
6582
6901
7176
7723
6899
6900
7175
7189
7177
17106
13505
19457
21019
29433
34643
48339
45729
46391
48259
48294
7805
6867
8187
7770
8935
8631
7646
7721
13519
37527
37544
35311
33858
39305
34372
22421
6987
6572
6893
7411
5774
6791
7044
9213
6287
7053
7669
7270
7730
6958
6379
6986
7178
7266
7268
7276
7279
7264
7573
7668
7583
7455
7691
6932
7092
37892
4155
6372
6610
6046
5310
6172
6162
7651
6985
6527
7144
30396
7461
22675
31730
8492
33237
44531
44712
44691
44695
8440
6884
7367
7375
7875
7568
7322
7468
7782
7740
6964
8231
7066
6794
7654
6941
7744
8754
10276
7377
9100
16740
29697
8042
28913
7174
43016
17749
38510
34373
34369
34370
6746
6347
6594
6500
6324
6747
7148
6802
5690
6574
7079
6645
7645
7062
7463
5032
7561
7904
7761
8025
35138
7211
33085
29748
37942
35108
45453
47083
8479
8532
33859
8706
32644
36281
29395
8258
9869
38398
44507
44520
6336
7559
5306
7762
7596
5719
8171
7897
8339
6946
7456
8039
7708
7265
7712
7612
7458
7581
8635
7549
8289
8294
7597
7611
8423
7591
7582
8017
8064
12135
8178
7311
6922
6637
7465
6951
4985
8115
6988
8133
8134
8632
9595
8132
8357
9973
13511
48970
51488
42366
39132
53230
44744
44748
7338
6862
8023
10643
8302
8068
8211
6581
8619
8022
10098
8438
9706
8909
9002
8097
8062
8337
6883
28385
8518
9091
7254
31111
8196
29609
34000
8192
6547
7054
7791
7593
7088
7785
6956
6114
7817
7647
6895
7590
7058
7588
7661
5337
7655
8410
7580
6973
7720
4334
8057
8217
8206
8287
8538
6902
10528
7793
8409
8336
31246
29427
8353
13179
8478
18939
29429
10855
24041
48221
45848
46258
8526
11661
8925
8486
33312
22983
8957
8958
8959
34918
52858
4901
8740
6864
8634
8560
8190
8481
8609
8110
9865
8293
8291
8331
8792
7969
9232
8654
7972
8026
8987
8111
8292
8653
9006
6959
9287
8651
8652
8290
9127
16371
30753
33913
7472
4106
6772
6408
8514
7337
6467
8369
8297
9525
21129
8243
38729
35691
53956
42329
54355
51006
44542
54529
8310
8465
7870
8038
7739
8728
8197
8599
8668
9023
8507
18881
26019
10862
8800
20557
13373
8840
16646
10286
37908
8710
18375
17161
24789
8955
32646
8074
7724
6707
8675
8676
8086
7769
7592
5277
6166
7627
6974
6381
6634
8624
6979
8961
10869
8964
36993
9013
8960
9345
38070
45540
46706
45517
45181
48156
45850
46398
6280
10431
9205
17887
9689
20835
10118
18047
17295
36280
30058
44003
44532
7059
7858
8577
9047
9675
7748
9055
9014
9063
8918
8101
8456
7110
12137
8078
9328
8655
7774
9001
9310
7745
9309
9008
9009
9005
9375
9326
9327
9211
9506
9290
8275
10104
9794
32148
9334
7711
8246
8142
7695
6288
9252
10659
7598
10918
8245
8950
9566
9282
8141
50415
9007
9558
27569
39279
42840
34112
48972
52844
54544
44740
44742
44746
44747
8408
10298
8768
9355
9203
8985
9731
8894
10391
8648
11069
9040
13375
9167
9121
16648
14007
15095
25889
51133
41852
35632
8769
8525
7674
8861
8937
8795
9181
8407
8424
8129
8557
8277
9074
7662
8476
8536
8934
9107
8449
9065
8311
8726
7768
9441
6875
9241
9346
9561
9799
9395
9627
9518
6195
9371
9562
46241
46229
7705
9846
9662
37423
9536
21509
22595
51901
44508
46954
8460
8876
9201
10017
8457
9322
9890
9202
9308
9608
9335
9435
9159
8666
6787
9744
9721
9442
9311
10628
9849
9487
9333
9467
9545
9353
9312
9588
9600
9599
8249
8248
10882
9337
9944
10202
8247
8100
9465
9032
9204
8098
9288
12867
9798
10639
9340
31476
21037
9796
8495
9339
13819
24803
43317
53942
55551
44762
9062
10067
9136
9735
9120
9581
9362
10108
9690
9875
9563
9723
9220
10122
9124
10886
10280
10180
9673
9630
11787
9861
10201
26063
37742
10256
9629
8952
32288
49922
17753
9797
42748
9756
9041
8841
9513
8425
9656
9367
9330
9331
8426
9834
9587
9314
9539
9510
8241
9598
6918
9893
10177
33430
31898
11733
34666
45525
46296
46453
46405
10020
10330
10448
9911
33443
16718
38712
28591
24807
10323
36636
24049
24045
29397
24051
24047
11611
30435
52192
44728
54786
54877
9471
8857
9130
8063
10075
9332
8986
9347
9741
9611
10106
11663
9088
9782
9774
9970
9935
10325
9968
9924
9778
9904
10297
10420
10101
9393
10516
10429
9434
10545
9718
10043
9943
10361
8250
9939
10406
10424
9855
16373
54418
9999
9724
10092
7222
10500
10090
10534
10074
10016
9979
10502
10501
10405
10013
32563
10114
17233
38702
18489
10238
30099
34286
17104
50371
44788
54354
54576
9734
6954
10152
10076
10172
10249
10497
10178
9396
10504
9754
10477
31298
10302
20871
10390
36913
15015
9940
10407
17163
40003
49936
30148
33857
34164
9253
9919
9989
6880
10165
9969
10080
8630
9289
10163
9379
9941
9863
9926
10271
10155
10079
9736
10073
10033
9776
9922
10507
10216
10015
9712
9624
7334
10308
10370
10187
9996
10444
6919
10109
10257
9693
9493
7081
10348
10338
10014
10359
10324
10513
31068
31534
30519
10346
10524
10347
10459
10540
31517
10506
10349
10541
10533
27589
22669
13167
13457
10633
8143
10856
38099
29435
48335
37943
41417
46385
45959
46958
10711
10842
10519
10532
10766
39290
33972
16602
10736
37311
10859
11789
37549
22593
38508
10850
32799
52411
44533
9515
9982
10209
10119
9117
9618
10380
10191
10683
9793
9737
10547
10419
10703
9638
10590
10488
10458
10531
10457
10546
10553
10792
10421
10570
10552
10327
11699
31690
52237
52239
52238
54228
9760
9790
10294
9963
9745
8487
7014
10629
10116
10689
10710
10723
17010
12267
10688
10261
10602
44402
43898
57017
9366
10647
10083
9925
10536
10739
9888
10479
10807
10737
29998
11099
10483
10775
13259
10796
12991
25265
30648
41617
29479
10162
10110
10161
8516
10490
10495
10721
10379
10568
10321
10049
10278
8915
9750
10611
10572
10465
10156
10372
9938
6920
10197
10671
9934
10838
10217
11835
10908
10847
10802
10797
35920
11589
11609
10995
36978
48076
47992
44492
46392
48207
46597
11103
10801
22113
10954
40194
17697
36588
39872
32297
32637
33941
31302
30089
38977
38976
36575
22683
35527
40383
10012
10897
10805
10491
10779
10582
10196
10350
10694
10827
10573
10695
10697
10770
11031
10906
10764
55315
10728
10938
13993
10595
16377
53636
53638
52259
53637
10408
10589
10029
9135
10686
9917
10740
10624
10713
9958
10714
10715
4713
10702
7135
10731
9990
12917
13971
10904
16756
42138
32889
10684
10685
41227
30134
30343
53969
43975
53944
43899
44794
44636
44769
11077
11359
10834
28683
10219
10920
11083
10935
10804
10923
12579
11715
12131
11853
10950
13073
10832
13309
11911
13681
11505
11043
29834
32146
13499
11389
32145
32147
11731
38420
44462
11061
10620
10087
10793
10719
10800
10030
10396
10213
9936
10521
10588
6773
10460
10456
10578
11123
10397
10798
9981
10378
10232
10336
10808
11385
11457
11615
10958
11177
11809
11547
11017
11541
33739
10997
12181
38071
38571
45698
54178
47960
48174
45512
55078
10893
13517
12411
12157
12433
12755
13515
13041
25377
32149
36669
35708
24811
38506
24809
44543
22597
44534
44576
10418
10794
12565
10851
12187
11917
11879
11321
11441
11355
8995
10934
10668
11255
10933
11467
10260
10924
12143
11745
11185
11349
11067
11065
11747
11807
10392
11969
12373
11465
11749
11855
11469
11815
11523
11569
11767
12451
54229
9617
9000
10417
10717
11531
10716
12001
10999
12035
10821
10592
10693
15393
10115
30193
11673
28759
30150
44800
44787
11553
11266
12231
11113
10604
12449
11161
24727
12665
10845
11237
12447
12065
11777
12429
12585
12709
10301
10905
18549
28811
29850
15533
32875
28347
30704
17209
32916
39854
33888
55529
29423
44463
11111
11617
11843
11597
11013
11319
11433
11285
11665
11179
11235
11241
11079
11751
10447
11697
8917
11227
11371
11491
12191
11769
12321
12021
11341
12651
34129
13207
27457
32221
33792
33842
48341
46711
44414
46401
45511
46526
12237
13251
12907
16604
12865
13563
38957
31689
13255
36642
33163
13359
32291
13543
33536
13541
13823
14235
13825
13831
36670
33535
15657
26009
37529
35071
33864
51267
53165
44535
45901
45900
56438
11209
11813
11005
11313
11827
5784
12375
13833
11339
9761
12437
13057
12957
11997
13019
13673
13559
11773
13835
13479
10936
9523
13917
12599
19849
12643
52322
10218
9751
11375
11705
10690
11635
11053
12221
12223
18491
13827
39273
37485
35674
29491
52026
10863
13357
10638
12503
12419
13263
13171
13429
13561
13183
38963
13629
12823
10469
14049
13757
13169
13619
13173
14583
13175
12699
12921
13247
13249
24123
36991
13495
39329
25267
39208
13435
13497
29835
29501
30149
53023
53757
12189
11771
11741
11759
11499
12445
12531
10790
12413
11785
12291
12467
11761
12431
12883
11837
12461
12979
12471
12815
11739
13203
12149
13261
12929
12753
12367
12119
11859
10884
13377
12875
13145
12611
12677
13231
13163
13141
13159
12863
12123
13139
13143
12963
18845
13029
7867
21997
13431
18941
13455
13463
13465
35317
13165
22585
13459
40087
44415
46907
46402
46332
12317
14123
14077
13427
32739
16606
13983
18841
14537
13433
37545
24237
37930
54017
38376
34628
33529
44161
11701
12029
13055
12581
12695
13221
12059
12997
12055
13785
13595
13839
13837
13727
13219
13325
12995
14657
12501
14479
13217
12955
13379
26159
13103
52240
12113
10681
10389
12117
11001
14267
13639
14853
6219
12499
15077
20469
13821
38312
38132
48968
52767
44154
51596
51631
51356
43976
44826
44821
44820
12893
13677
12669
12505
11889
14117
14663
17813
13245
13855
13731
11793
15219
14317
17815
17811
12727
13669
13927
20547
14095
25491
18003
25891
23675
29477
20205
11757
11887
13161
12549
12293
11933
12175
13535
12031
13367
12967
10357
12403
12679
13333
11783
11021
12487
13585
14093
13115
13349
12281
13409
14277
14333
14563
14693
36423
15069
48342
48151
48200
45513
15687
15005
15359
14073
16608
10258
32294
31014
13969
24127
24847
15389
30647
32295
33193
37530
21713
30105
30152
37546
33940
33860
33870
44544
42726
53059
44731
46507
12729
13469
13807
13851
14753
14027
13939
13411
12685
13093
10928
13267
12879
16656
9988
13283
14543
14127
14627
14539
12057
14875
14129
15409
14993
14379
15431
14995
13937
14659
14661
14935
14047
14949
31551
14039
15211
14631
30754
15111
52009
34259
56235
12355
13667
12049
8888
12671
21899
12053
8475
9544
12015
10153
13799
13215
14629
17573
12965
13935
14947
33238
20713
32345
14381
41797
27683
30051
30349
32796
43614
44829
44017
44823
13403
15323
15487
15729
13587
13859
12673
15927
15325
15617
15711
23369
18053
17419
14647
17791
16574
37418
18639
14675
15505
15769
15993
28915
49734
41112
51246
14719
13601
14741
13759
14227
14513
14345
13125
14467
14289
14713
14075
15689
13663
11703
12365
15417
14199
14131
13655
13331
13599
15059
14527
14765
15125
14653
14645
15061
15489
14237
11239
15045
15313
15043
13185
14989
15547
14913
15545
15905
30151
15787
15865
15897
33753
35641
45539
46721
44416
46773
46755
45508
45510
16774
10464
16636
17843
16331
22785
16101
15979
16610
16690
31911
16936
32737
37923
18133
17237
16389
20869
29729
36743
36744
51078
30905
38505
34124
51123
44536
55057
15117
15437
15775
13767
15439
15633
18713
15097
14575
15959
15537
14991
14373
15843
14835
16033
14173
14145
15867
16059
12959
12961
15539
15845
15535
15541
15781
16091
13303
15819
16183
30178
13693
17359
22711
53154
3785
12859
11737
11979
11977
14293
13335
11755
15785
13239
15177
15307
7781
13439
21025
15067
30864
55516
53945
44827
44814
16001
16099
16694
15879
14189
16273
17409
16239
15133
17259
15881
15811
16468
15895
17205
15951
16199
18343
15735
21495
15719
16335
17020
16576
15783
16508
15891
15717
16964
31581
16233
15893
51345
31984
33544
16912
18425
25941
30752
15315
14749
14967
14833
15051
16417
15379
15085
14397
14811
16005
15119
15751
15613
15109
14355
14515
14283
14511
17115
14941
14045
16169
14827
16419
15611
16405
16317
16211
16726
17127
16347
16906
17147
15795
31673
17141
17353
30119
20755
29421
16908
31924
35365
48231
44144
48208
46741
45678
46331
15195
17397
29978
15649
17371
17871
16692
35011
17563
29603
35612
34936
33429
27465
36582
44545
51621
55565
44729
56441
14893
17157
15609
15933
15391
15591
15411
16395
15841
17277
16363
16472
16642
16638
16189
16474
16023
16914
17251
16928
16644
15839
17541
17012
14889
16187
17543
16319
16476
15279
37133
20453
14349
14353
12115
14837
13271
11743
14175
17121
13863
14347
12857
15925
16442
23031
18943
38703
27463
37390
40728
31205
44833
44770
16916
17535
18045
17879
17743
17345
15989
17819
38971
17717
18231
18599
18781
18149
16738
16119
17897
32316
38987
32150
31034
37097
16498
15809
14813
15583
15225
13659
16049
16524
16201
16035
15699
16668
16512
16397
12711
16355
14921
15911
15377
17505
17082
16518
15863
18097
16982
17873
16910
16241
17681
17249
17731
17849
17917
17705
17727
17497
21523
18391
19877
17707
17969
21999
18365
31965
17703
17733
18155
27621
18227
33538
18241
18137
19445
21053
18191
38069
18469
35476
39138
46694
44417
44418
46966
48143
45507
45506
17637
18413
19133
18953
31072
31073
24437
32219
22205
20261
34887
19337
34633
20705
22635
30153
18389
30106
22657
33528
33772
35611
51156
44100
54191
44537
53291
44830
56551
56533
16762
17875
18039
17725
15807
17867
17745
17491
18525
17747
17539
15847
17537
18455
16614
18151
18835
17137
22631
25619
16782
11577
16528
14669
15771
17187
14735
16149
17113
18755
30860
18109
30362
35450
19687
28749
17263
20383
18817
30582
51757
52060
51686
43977
43901
44838
44831
44849
44855
44851
16934
21541
17341
17273
17391
17635
23361
16436
19255
19029
18989
19845
23425
25259
17351
25257
19431
32511
18419
19297
19447
22137
20999
18723
22633
37535
36671
24795
33501
34426
33539
16592
15451
18507
11633
17074
16742
16706
16918
14829
16009
18119
16353
18229
15605
16732
17909
16157
17741
17831
17389
16890
19383
18041
18055
15793
18523
17821
17651
18465
18495
16051
18121
15883
18099
15731
17267
18771
19207
31427
23897
30173
27757
19305
32819
18983
44419
46737
45417
45509
45505
18857
20359
19469
19581
32548
30912
21077
20355
29979
21607
21065
30367
21591
19925
21107
20955
33283
19495
37626
20581
31667
34120
19169
34121
35981
18919
29752
34629
36261
30154
35305
33861
46787
56431
15037
18753
18661
18393
16866
16444
16700
16868
18745
20655
15963
18177
20221
18655
19051
18691
19575
17395
17855
18653
19101
18959
19569
19103
17655
19635
19283
19633
19351
19523
40131
19171
41609
54405
16662
15039
15335
15197
14807
19021
17269
16680
13117
19165
17677
22847
16678
17679
17699
21861
53880
31833
19535
18357
18355
34630
49133
44155
50319
52704
50699
44850
44834
55348
19285
19671
19123
19391
22763
19109
19211
19697
20035
33155
19099
19889
19573
21575
23137
29853
20155
21479
23099
23475
23943
19397
32195
19619
19811
33543
33550
34336
40641
42542
18679
18153
17265
17895
16894
18115
18277
16067
16011
17549
19221
18247
19369
17513
17247
18677
19647
18245
18689
18179
19703
19291
18001
18195
18893
19151
19365
18497
9479
18295
18767
19319
11763
18411
19367
20033
15651
19841
19257
20473
19919
20329
19871
19825
19755
19843
36425
31211
38525
48304
45386
44288
47491
43257
55091
45502
45504
45503
21797
21241
23405
21587
20965
34454
31233
21335
31966
20811
21775
33508
21641
21471
21875
21333
39018
27949
25293
23621
22671
35215
33194
20873
28427
24773
33703
39207
35287
29151
35306
36584
48751
35229
42358
29851
33773
54186
44573
46729
46810
18397
17641
18441
20045
19669
20745
18499
17643
21097
20801
20849
19159
21069
20039
18693
17739
21001
19631
20757
20377
20379
20995
19857
20959
19859
21349
18695
19629
10575
30445
20539
52247
53817
11981
12477
16664
19951
14407
19191
20543
18429
20673
15813
23831
36789
20671
21027
17357
38970
19587
21021
20799
49478
35912
52851
44294
44836
54533
44842
54575
20021
20159
19759
19511
19653
21415
18849
19251
21373
20919
21235
23359
19261
24029
20723
21201
21853
20987
21695
20743
21009
20187
24935
20141
21703
29255
23477
21595
32502
23367
25169
20951
28809
26079
48281
20507
18897
18671
20541
20031
20057
21085
20689
20047
20847
19769
18139
18095
19315
17777
20457
15565
20973
19363
20431
20931
19117
21177
21437
20555
19855
20053
19023
20533
16123
21067
19157
21325
21267
21407
19067
22013
20267
21427
21851
22849
22381
35694
22541
24845
21433
22503
23149
21447
37225
27459
22755
38072
42654
21981
48303
48169
48159
48148
23341
37264
23285
22377
29975
39217
33339
32377
23387
38285
38817
23903
33708
22757
33266
23401
24443
29821
34844
32933
32557
24839
22953
34845
35310
34652
23885
18353
34651
35307
42457
20767
20651
22429
18851
23227
20545
20977
22759
20479
21829
21521
22069
20649
21751
19953
21075
21597
22039
13843
21363
20589
21513
21059
21393
21649
22081
23871
52863
52864
38049
42540
20371
20903
20815
19115
12017
17437
21189
13119
20889
14817
19645
25457
20907
21031
20969
20961
28085
21707
28251
30483
40139
20963
32808
35312
48971
37391
34258
39220
22131
45428
54671
44869
21329
22839
23237
22673
20517
22071
20909
22859
23479
20423
23427
23989
22745
19799
23703
21781
23487
21771
28593
21773
20843
33156
22661
22335
23363
23115
23299
21497
27907
22435
29801
31424
30088
32289
33957
22985
52734
33547
23899
37098
36673
41139
21913
41121
35703
44565
54004
43933
19815
20583
20899
20785
22043
20787
19163
21603
22135
21405
20853
21431
21327
22101
21939
21863
19429
19111
21561
21273
19775
21033
21507
19685
22777
22273
21185
21563
22507
22547
22433
22123
21809
21677
21639
21167
23133
21821
20971
22817
21421
21729
23539
22693
21835
21671
22831
21013
23213
22733
23067
22215
22099
28595
22735
23229
18205
23409
23901
22465
23107
23555
23737
23511
22821
23721
38363
29738
31019
35605
29759
48307
35773
21073
24713
24169
23439
33883
29087
23499
23837
33855
30463
23835
31686
29822
29935
24719
24989
37666
23733
23881
30090
30442
35858
35623
23857
34843
52732
25109
25547
36573
51432
38511
32254
39077
35985
38911
36851
44595
44597
44596
56440
46935
46942
22097
26123
20939
23619
21679
22057
23033
21925
23579
27619
23153
22543
30547
23047
24987
22347
22119
23305
23101
23665
28179
22655
23247
23519
23719
22815
23761
22901
35563
26133
21647
12783
21473
19193
21419
23293
10687
24347
28761
21395
30473
30278
30247
37115
29832
49124
22197
35205
31020
38133
51597
51687
45142
44832
44865
44843
44862
44868
24991
21879
24475
22125
21635
24365
23301
24821
25117
23781
28227
28351
30739
21737
23627
24371
24763
23679
25113
51157
23895
24675
32257
38800
36583
48919
42367
22319
22199
21881
23283
23289
21995
22789
22729
21855
22265
22145
22877
21105
23309
22865
21353
23421
23333
23327
23079
20509
20709
22835
21681
24075
23945
23121
24135
22537
22189
23325
21435
22225
23037
23201
23135
23151
23433
23551
22955
24835
23375
24417
31674
24969
35710
35699
52390
46853
48210
56277
14751
25241
25045
27503
25943
31105
25991
25543
33396
33225
25873
29823
25049
34757
37551
30080
29937
30249
29861
38766
30093
39179
24977
30094
37187
39180
33602
34328
31255
34699
31604
35621
48918
34689
34711
38927
44846
44551
43313
44509
44538
46864
54804
24151
21667
23383
18619
24531
23319
24641
24175
22689
23423
31675
24967
25431
24377
24171
25055
24357
24271
24453
24911
24851
24317
24021
24849
23171
25077
24817
25915
25253
24985
28361
24501
31971
28547
28545
21557
16904
21469
21569
19195
19613
25755
31344
23849
22583
23991
21571
27825
29910
24071
32041
31834
19781
24073
28989
31463
23617
24819
32797
54193
52473
49143
44156
53030
43930
44872
44867
43979
44857
44879
44771
21659
27633
27601
23385
24687
25161
23447
25011
24695
26449
24469
25647
24973
25861
27509
25897
25719
27613
23735
25365
30896
25635
33658
30573
31113
28093
24275
29141
31166
33939
30914
32738
38928
37168
23273
23755
22535
22297
25013
25157
22147
23281
17729
23321
23673
25835
25159
28025
24405
21843
24455
26349
24701
22687
24231
25731
23251
24705
25519
23311
24277
17827
24031
21743
25517
24211
23209
21845
24037
24625
24855
24699
23259
22359
27815
24909
23787
26453
34613
27943
27687
27519
36429
25503
27521
35643
32820
26163
37944
47023
48325
48264
47998
46903
48311
27957
25839
28149
29089
27857
28431
32191
28673
25875
28205
39011
30412
32543
28717
28381
29936
34779
36643
32831
28151
29173
28631
29820
31512
27951
29731
35975
29862
28665
32142
33534
37552
28185
31603
30444
33527
41542
40106
39781
33525
35308
33600
36581
52466
44870
52025
54071
47373
46910
46914
25781
22961
24227
24627
20449
21653
11135
23441
24781
25345
25437
23725
24451
25143
25667
21755
28961
25341
28157
26183
28311
27603
23985
25923
27363
27881
27413
25877
27909
27879
24745
22295
24327
27747
26059
25669
27997
28377
27399
52260
53818
16870
23775
13391
23249
22819
24591
16381
23083
27539
38461
29135
26043
36868
33348
30052
44840
53082
48238
44875
44866
54536
27821
28405
27891
29101
28063
24459
30056
24751
25285
36064
25567
29583
23459
30100
29129
28447
27945
26359
21867
27887
27419
29165
30376
28531
29419
25439
28439
30246
28077
24457
23931
25833
25441
28723
28775
37933
35501
38372
34519
28925
29323
29073
39182
38773
36622
36674
34091
54723
49017
56278
24833
27899
28223
26055
24415
23233
23277
25397
23199
25681
27655
22663
21511
24873
26441
25429
26165
25867
27727
24629
23587
16385
26085
28155
28283
17080
28669
27629
27741
28207
25999
27785
30156
28401
35541
33599
28247
35696
30605
29099
30131
38126
44146
27911
34455
30358
35411
31685
30324
33226
30438
25393
34985
33762
33278
40171
30732
40204
34083
30443
33279
36700
36549
30556
37337
36550
36579
48749
44609
55978
44557
47068
54806
23317
30300
28285
25303
23225
10937
29575
24261
27417
22117
25689
28779
27967
24471
28309
28313
29083
25801
29085
29573
24273
30988
28859
29852
28169
29730
28517
28519
35058
39090
21339
25015
27969
24919
29513
22677
29511
28495
25383
28511
25857
29517
29515
33239
30309
35432
33195
34632
38700
32809
32890
28293
37392
37853
52520
44775
53031
44165
54428
52842
44899
44801
44915
29317
26213
24913
30464
28105
29223
31448
30237
30196
29413
30600
29437
30499
30218
54196
35063
30292
31454
29347
32034
28963
37934
30489
30133
30289
29825
42753
42357
54594
43937
28171
28121
26243
23847
27775
24439
28701
24703
28677
27787
28297
28977
27989
29095
28249
28617
29067
26443
29589
26351
30230
24893
27663
28817
28423
27441
28221
23269
28791
25859
21439
29325
17919
28981
25939
26395
28929
27927
28861
28869
30039
28835
27737
30030
29865
29715
30751
29722
30386
29687
30410
31699
30232
30144
29846
30411
30470
30417
30342
31239
35697
30875
37945
44491
44147
47179
48135
47091
56279
30514
23605
31499
28215
30813
30925
30829
29035
31108
31064
33512
31102
37186
30842
33357
31467
36746
32385
30766
31164
31057
43722
36621
32581
31599
37667
36585
30781
31639
33603
33862
30796
33601
44625
50880
47199
45856
47202
47208
54807
30347
29027
28069
26023
28299
30243
29808
30583
29261
29809
30702
29705
31168
29807
30242
29916
30128
30460
29703
30132
30454
29915
30543
30269
30010
30378
37255
28675
25389
24997
28957
23777
15199
24543
27411
30585
28479
23987
28881
25729
30790
32476
30617
27653
29863
25987
53517
53957
53095
44910
51688
44912
51642
44882
55543
44815
44906
44929
29093
30206
30714
30311
25313
30915
31096
31145
31165
31115
31070
31035
30686
31065
31137
39482
30390
31107
48617
49311
34960
31170
30971
36675
37335
41844
34673
39778
44101
56281
28999
29803
30240
30694
29786
28907
30307
28825
30123
28497
25183
27631
24765
27831
28819
29785
28979
25283
25879
29854
30205
23623
28387
27525
30383
25649
28619
30127
30091
30782
21039
29163
21573
30355
30705
30437
30344
30382
30384
30567
29941
30251
30826
29017
30947
30851
30777
30989
31071
31361
31177
30893
30892
35695
31237
31078
40091
38136
42660
45704
48321
48170
31121
28607
29876
33562
31838
31634
32467
31362
31618
51168
31471
33761
31749
40338
31377
31505
31624
33759
31807
32144
36097
34785
33764
32734
31369
32408
33570
40209
33571
32559
34726
33854
36572
44005
39033
44620
44558
44539
55451
47055
55452
46865
47056
44759
44935
46915
46959
47076
44530
30458
30709
30370
26057
28713
30891
31189
30812
31118
30741
31101
30817
31319
30658
30770
30531
31785
27709
31387
30743
32143
28755
28805
28725
24655
15201
29755
30364
25805
30413
29855
29829
28841
28853
30845
32534
29756
31235
34674
30803
30313
29901
36843
49956
38137
44587
53027
42466
53029
49391
49144
33706
45781
51250
44157
44889
51357
44936
44925
44885
44764
44772
31326
31138
31234
30191
31368
31324
30902
31289
31056
29893
30641
31683
31561
31128
31593
32415
30953
30919
31521
31851
33074
30381
31608
31967
31144
30537
31669
31493
51193
31238
31563
40159
31672
31436
42109
45215
30276
30503
28891
30296
28927
30544
31181
30363
27991
24133
25099
31374
31251
30187
31174
28621
29974
27829
30385
31592
29787
29976
30279
30901
31318
28883
31147
30740
31091
27947
30721
24011
30375
30948
31519
30524
28537
31143
31440
31560
30549
31221
30746
31578
31227
31196
31139
30651
30291
31573
30649
31018
31566
31044
31549
31777
31539
31410
36427
31747
31555
31562
31746
31640
38127
44444
48133
47074
47296
30014
32323
31973
30757
32287
31865
36291
31647
31846
30954
33702
32058
32384
33305
33801
36639
32349
33042
33760
32251
33986
31903
30013
33196
36278
33258
33698
34118
33273
32733
38290
34472
35976
35702
40990
35454
36443
33843
33916
36233
46973
52753
52065
44610
47211
47121
47314
45313
31704
30885
31297
32215
30321
30991
32566
30137
30250
31491
30379
30614
31050
31117
31788
31397
31400
15407
31740
30898
31652
31401
31995
36686
31885
31518
31403
31331
30512
40377
39034
53819
19489
25687
18617
30415
28625
28211
30868
24921
32153
29830
30290
30419
33720
32461
29868
30850
31923
28257
31941
31055
32158
32728
31202
30738
32593
42297
32276
34850
32823
36161
53069
52493
50168
44896
44897
44898
44895
48240
44902
44903
44914
31772
32188
31389
31051
31756
31918
31665
32051
31754
32409
32122
31736
33994
31283
32437
32240
31909
31158
32151
31530
32481
32359
31668
38180
31244
31426
33588
32376
31738
32065
33659
49876
33542
32609
34847
38933
32275
32388
42114
55324
52477
44448
31043
30831
30654
31859
31580
31637
31442
31636
30749
27833
31173
31163
28735
31414
32013
31559
31710
28391
32491
31914
30806
32083
32094
30895
31452
32023
31223
31848
31790
31540
31621
32214
31994
31815
31793
32228
31633
31884
31890
32309
32691
32084
32274
34754
32400
33846
32402
32585
35698
31753
36611
48276
44148
48253
56280
56412
32268
32668
33080
32863
35815
32954
33209
34453
32735
31827
31402
32946
36242
32959
40835
32894
32932
36790
36732
36753
33276
32707
32695
36799
33757
42054
32665
44615
51431
33763
32666
35047
36586
42183
33086
34935
35980
41153
44554
55561
54442
44128
47218
44574
47370
47245
54055
47236
46869
47279
45143
46916
47280
56195
32485
32553
31380
30365
31483
31980
31886
32355
31156
31810
29301
32864
31867
32423
30679
32405
32063
31883
32267
32239
32484
32016
32518
31997
32238
54421
9260
30346
30711
32108
31149
25907
30952
31280
31762
31201
31866
31486
32160
30922
31919
30921
32397
30920
31829
30923
32751
31236
36835
32926
54209
25541
32014
38073
37099
49182
35913
48973
44286
52926
44970
46848
44962
31553
31715
31711
32561
31552
31797
32625
32026
32410
32174
33106
33104
32190
32383
32879
32730
32321
34283
33170
32993
33208
32816
32886
37659
32898
32382
32934
32927
33105
52733
32943
32564
42343
32773
32010
38774
33884
54062
32834
35700
43936
45483
31964
31240
31478
31933
28623
32542
31798
31404
32105
31741
32093
31737
31338
31376
31904
32438
31405
32681
31680
32245
31630
31098
32977
31500
32595
31430
32175
31080
33241
28013
31804
32608
30795
31564
31733
32313
31610
32601
32792
31439
31498
32606
31049
32717
32682
31370
33021
32454
32802
32906
32011
31670
32785
32572
32353
32571
32670
32582
32956
33044
32944
32999
32568
32876
35542
33002
33188
36530
42740
33099
38611
33479
38128
34664
48323
48218
44466
48298
33605
33350
33004
42893
33446
33309
33455
42166
33758
33119
33038
33205
32248
33905
33903
36664
33755
34710
33704
36745
33756
33493
33192
33366
38096
37548
33271
32059
33871
33154
33937
33122
33872
32892
33936
33213
33958
33922
33863
36638
33867
35453
35003
42876
34423
36099
33945
36719
33387
33480
33415
34708
48750
49057
52022
51253
45337
47200
46868
47375
45239
47077
47353
44529
47292
47274
32380
31327
35806
31378
32930
32015
32574
33032
32667
33254
32872
32833
31789
32620
32895
32997
33138
33165
33153
32202
30818
31245
28771
32005
31989
30869
28539
33221
29831
31927
33087
31978
32888
34595
33220
33130
33449
38424
35956
53966
53172
44449
48279
44943
44972
44959
44960
44971
44950
44844
44969
44948
44526
33142
33569
33157
33242
33164
32740
33201
33360
36240
33681
33102
36241
33118
33173
33056
32950
33247
33997
33103
32817
34948
37026
33228
32989
49028
34919
33849
32182
32282
33255
30015
32729
32998
31722
31953
32379
32189
30911
33028
31764
32828
31952
32648
31845
29758
31229
31716
33421
32360
32370
32526
32494
31821
32696
31706
31109
31771
33222
32664
32483
32171
32947
33046
32961
31417
33037
32697
33113
32301
33341
33274
32039
33394
32772
38923
33398
35319
33835
33946
33414
33290
33262
38074
38612
34667
49326
48256
48333
43611
44149
48161
48277
48144
56282
34300
33091
33969
33045
33934
33011
36569
33522
37184
33546
33661
34060
36791
33776
36297
33734
33770
37737
36428
48604
33925
34140
34179
33723
39035
34117
34153
36410
41296
33915
33789
44627
36718
34601
34600
33604
36641
33787
34237
50526
35452
44007
53222
44008
47225
44303
47301
44302
44611
44540
47347
46866
47264
48308
47368
47328
47356
32902
32366
33372
27387
32547
33322
33181
33962
34349
33505
33993
33291
33125
33033
33514
33393
32982
33515
33750
32281
28851
31757
31490
32551
31763
33082
33190
10259
32869
31231
30870
33302
34048
31485
31678
32806
32832
31373
36865
34261
39116
41298
44776
33662
32676
43387
33980
34092
52494
35910
38613
51599
38484
48640
51248
52908
44397
43929
44427
44978
54129
44908
44953
44946
44973
44951
34103
32365
33524
33338
33558
31645
32915
34447
37504
33964
33456
33606
37139
33069
33129
33902
30533
35300
33740
33491
33024
34165
36498
33798
38179
34623
33709
32324
34615
33806
34050
50336
34166
33454
33779
49199
33782
37142
37336
33982
51991
51658
32935
32995
32867
31646
31339
32899
32686
30016
33253
31988
32962
32979
32983
33433
32603
33003
33094
33051
32673
32948
33377
31588
34034
33985
32607
33589
33023
33771
34009
32866
33197
33299
33031
33392
31178
32555
32038
33244
30652
33668
32829
31157
33041
33462
32881
33775
33814
33419
31631
33746
33811
33314
33690
33795
34077
33572
33240
33245
32805
33803
34013
33026
33490
33541
33975
33434
33933
34292
34410
32663
34156
34233
33727
34235
34234
34207
38129
36551
48198
52737
44495
47285
34213
34514
34389
34642
32613
34602
31598
32152
36823
34740
34178
37619
33808
36637
34766
34661
34475
34940
51195
34239
34324
34489
34678
34314
37894
40014
35650
34222
34464
34486
34862
33914
34764
34409
34724
35447
34625
37550
36104
35007
37876
34205
37927
35309
37851
37018
38135
52754
49814
42111
40844
48910
45677
51249
55326
47231
54287
44612
47217
47249
44733
47248
47288
47366
47289
56432
33161
33286
32801
32698
33263
33323
33950
32587
33566
33712
33231
34659
33865
33768
33769
33979
34107
33981
31861
34030
21305
34312
34399
34197
34246
34311
34015
34168
33697
33363
52243
15227
34136
33513
33036
32071
33519
32871
31418
32870
33034
33728
33219
30695
38419
33025
33741
33685
33724
33687
33686
33183
33048
32222
36021
33669
34762
36030
34763
34851
37661
37146
34416
37878
50687
52495
52695
44963
44957
44170
44947
44952
44949
34321
33075
34481
34036
37103
34884
36305
34204
34647
35072
34325
34238
32412
29643
38784
36629
37034
36756
39709
34173
34548
33457
34538
33308
33618
40469
34367
36714
34323
34631
35701
34790
49450
32937
33206
32615
33487
33506
32949
33489
33731
33988
34096
33743
33836
33095
33337
34086
34051
30485
32924
34392
28833
34126
32981
33573
33417
33089
31783
34148
32878
33019
33983
34467
31422
34289
33788
33447
34028
34290
34295
34088
34223
34738
32830
34503
34502
35156
34309
34852
34456
33473
34488
34794
48326
48344
44151
48157
48154
48309
56283
34414
35286
34742
34391
34751
34675
34723
36491
34776
35448
34899
36545
34818
34939
36184
34961
34893
35081
36290
35265
34835
38520
36644
48508
34782
35625
35139
34997
34817
34746
35143
35142
35140
36640
34980
52944
37776
34872
35141
35008
37539
48872
35513
35442
35283
47548
35133
35227
34931
40868
38246
34949
42760
44006
49099
49907
53437
53745
44555
56445
46871
45237
46870
54805
47518
47470
34152
33013
33949
33064
34125
33818
34388
34638
33035
34759
34361
34492
34008
33564
34491
34639
34016
34937
35776
34758
34506
34589
34151
53820
31765
31758
31658
31812
33581
34161
34428
34299
33520
23279
33204
34021
36683
36497
33729
33730
34374
33820
34535
33672
34394
34302
36836
33391
34304
33390
33389
33388
34527
35921
40475
35545
34315
48178
37100
38134
50754
53028
50244
37929
53187
53755
44900
53756
52689
55188
45037
55893
45026
45018
35262
35145
34855
34534
34549
34904
34753
34784
35009
34812
35522
34999
38154
34614
38177
37000
34864
34765
37680
35025
37854
35002
38772
34911
38849
38029
43938
43935
25777
33486
34566
32901
32951
34822
34561
32887
33502
33475
32262
30727
34176
30736
34019
31629
34591
34055
32407
33834
34494
34102
34262
33203
34350
32936
32032
33948
35015
34501
34076
34866
34427
33371
34393
35069
34106
33797
33840
34257
34550
34901
33362
33532
34978
34402
34787
34836
34799
34052
34888
34927
36618
34905
35478
35332
35516
34741
34979
35303
36666
35383
35302
34669
32596
35444
35517
34928
35543
35226
34891
35372
35112
34990
38526
35295
37101
40092
38131
36002
36003
41277
39140
38166
52738
44446
44421
47538
56989
33926
35823
34823
34006
35369
35626
35417
35224
35327
35255
34670
37044
35347
36239
36148
35346
35631
36521
36996
35551
35635
35230
35328
38413
35329
35113
35465
37643
35004
35624
35652
36226
37888
35586
51187
35433
37928
35651
35443
35704
39464
35610
35684
35648
35353
37642
35349
40202
35475
36580
40205
35131
42875
35234
35590
44634
35455
39192
54072
45041
47465
44613
45187
47730
47392
47436
47246
45238
35459
33929
34480
34277
34465
35159
35028
36625
35498
34963
34747
35446
35029
34530
35592
35178
35238
34959
35343
34895
34821
35573
50727
30778
32900
34537
32086
34792
33845
34430
35122
35315
31853
39478
34375
34167
37858
34032
35472
34244
35018
39760
35594
38341
34198
34310
41102
38614
35633
53121
52772
48219
55163
45024
44766
44907
45038
45034
35338
35382
34533
35566
34733
35602
35676
35559
35720
35418
35770
40334
35603
34734
35458
35805
35774
37189
37706
52593
35301
36888
35345
36677
50517
56284
34933
34599
35507
34902
34280
35203
34403
34881
34662
34934
35247
34636
34104
34914
34012
35240
34825
33654
34383
33018
35434
34525
34547
34580
34565
35220
34177
34966
35248
34543
34368
32447
33726
32836
34745
34449
34834
35714
33184
34800
35370
35114
34337
35730
35739
34975
34725
36231
35957
37263
35963
36506
35914
36657
41667
35385
36036
42144
49070
48227
47349
36318
35629
36308
36455
40491
35840
35982
36160
36553
35567
35932
36424
36185
34552
36561
35480
35204
37771
36119
36544
36440
36805
37185
36339
36223
35510
36762
36577
36228
36520
36404
42776
36155
37895
36447
37938
36164
35909
36747
34346
48605
35745
36152
35933
36112
36018
37149
37167
36571
39754
36127
36016
39694
37775
36107
36724
36132
36130
36574
36969
35958
44628
35890
35233
37852
36411
36151
37801
53192
44009
47449
52182
47579
45028
47544
54194
47575
47560
47452
47468
53218
47589
47501
47265
55982
56469
34626
33071
33191
35320
35321
34604
34795
35581
35727
35512
35781
36109
35182
34529
36051
35558
35726
35827
35891
35499
35780
36254
33674
34498
34541
34100
35110
35111
34504
34540
34962
35191
33218
37402
35082
35134
34376
17947
37859
37577
35473
36157
39833
36661
35070
42139
36182
39364
36619
37180
45584
34871
36964
48960
55347
34755
39032
34756
53938
51853
50050
52654
52691
52632
45032
52655
45036
45033
45039
45012
56750
35363
34777
36275
36215
35658
36539
36439
36796
36729
34644
35285
36485
35202
36473
36162
35416
38854
37215
36118
35266
41054
36221
48283
34572
35788
35062
34618
34542
36038
35557
34451
35180
35413
35838
35639
35076
35712
35376
36027
34712
36220
35484
33478
35079
35843
35241
32271
34973
31456
36245
35427
36144
35067
35075
35251
34284
36259
34445
35250
36009
34915
34474
34522
34411
34903
34771
35883
33027
36022
35334
35923
36288
35999
35818
36166
35254
36135
36409
39918
40090
36073
40089
37752
36265
37750
36740
37749
36486
37102
36981
37951
37698
49121
44422
55837
56990
35333
36198
36848
36855
37045
36492
36468
36502
36501
36564
34208
36775
36824
36783
36246
37181
37148
36861
36500
35235
36722
36910
36156
37620
54381
35971
39231
36742
37037
36646
38059
35284
36705
36715
37334
36774
37058
35239
39056
36866
39720
36345
37152
39335
36626
36578
36771
41505
37777
37566
36731
36883
36712
51190
36954
37543
37790
41293
52005
36543
36905
36947
36464
37017
37020
37875
44606
40088
44010
46447
50483
45406
44556
56446
55164
47509
47523
47535
47487
45240
47445
47510
36106
34658
36480
35237
35314
35000
35936
36225
35673
36256
36755
36121
36010
36052
35931
36137
36083
36033
35965
36461
36122
36592
25537
34438
35198
33783
33970
33280
33378
34830
35086
35949
36342
37860
35880
36444
36436
35206
34471
40124
35219
37051
38748
35074
37028
36234
37454
53688
37950
52692
44295
52651
45011
52653
48241
50320
44904
45035
36043
36915
38939
36524
36914
35814
37031
36250
34870
36798
37046
36186
36692
36542
36932
40836
49153
36827
36834
36942
37290
37124
36624
39697
36620
36874
38771
38931
50484
33352
35849
34577
35073
34612
35860
34382
34497
35839
34798
35222
34279
34984
35330
33047
36838
35905
34964
36548
36124
36516
36049
35889
35828
33354
35078
35540
35589
33899
36094
35298
34839
35789
36847
35757
36522
36108
35997
35964
35988
34863
36029
36593
36982
36784
36196
36531
36797
36728
36894
36552
37054
38075
37002
37244
48510
44122
48212
47674
56499
35120
32827
37033
36039
27783
37087
36840
37150
37175
42632
37278
36963
42629
37590
37176
37164
37247
37589
37736
37937
37292
38444
36875
37104
37294
37318
37174
36890
37948
52282
50201
37671
37285
38727
37242
37431
36979
37249
37243
51955
37143
36623
37468
36856
43772
37409
37279
37664
36973
42014
37877
37850
37145
38058
37144
37241
37554
38140
37640
38048
42761
52479
44012
39190
44011
53653
47599
47466
47714
55465
47559
47393
46867
47712
47441
47517
47519
47453
47672
36688
36560
36720
34513
36737
37089
36895
36849
37088
36956
36721
36876
37127
37287
39046
35851
34944
35608
34439
36702
37967
36077
34820
36344
36343
35740
35683
32133
36995
36194
36197
36204
36749
35680
37177
35681
35682
41183
37816
37751
51051
36727
51992
37267
40439
53959
53970
52650
50049
45068
45043
45059
56592
35466
36616
36923
37341
37921
36833
37362
39480
37047
37277
37505
37272
37814
37090
39864
37622
37663
37672
37408
39429
37842
36761
37818
36298
36815
51097
38627
40158
36907
37358
37343
38352
44187
36456
36511
35968
30484
36949
36475
36296
36563
34281
36028
36793
36470
35928
36023
36266
36864
36754
35756
35249
36652
31931
31433
36902
36884
36828
36934
36943
36525
33889
37140
34338
35857
37188
33733
33850
33531
37254
36001
36565
36513
36800
34607
37245
37029
36267
36309
36976
37023
37283
37258
37476
37036
35183
37204
36655
37126
37433
37778
37178
37448
37324
36418
37611
38549
37096
37484
35656
37368
37467
37369
37559
37325
37359
37653
47612
38138
37428
37630
47219
44423
44424
56297
56991
34443
36904
37078
38409
36397
34420
35044
37320
42481
37963
37564
37563
37864
38068
37755
37291
37265
38035
37887
37293
37740
37939
39223
37641
37886
37922
37684
38019
37896
38024
41480
38110
37717
37904
37881
41078
38688
38112
38689
39448
38045
37280
37246
37802
37825
42149
51221
37665
37931
37906
37460
37647
37753
37678
45444
38299
42208
38785
42372
38552
54993
54996
45241
45058
47731
44980
45147
47503
47658
47739
55120
55118
36214
36962
37405
37233
37223
37474
36933
36777
37910
37360
35231
37224
37222
37013
37493
37591
37494
35677
34440
36517
36466
36816
35798
36803
35424
33185
36566
37398
37179
37050
50241
48420
53067
52634
45056
51302
45064
44886
56596
37719
37831
36992
38027
37172
37109
38149
37595
38104
38347
37784
37866
37710
36529
37856
37668
37792
41689
37843
38353
37723
37284
54298
35760
37675
36649
37105
37210
35994
37141
37171
37517
36726
21877
37569
37491
37446
36704
37259
36873
36817
36316
33012
36906
35821
35983
35503
37651
37458
35834
37578
37487
36431
37924
37598
37601
37338
38020
35672
37893
33966
36654
37481
37571
37769
37422
37395
37646
37662
37739
37151
37328
37780
37787
38016
37978
38010
38631
38008
42146
44152
47704
47650
47696
56300
56413
37208
37021
37885
37281
37983
37781
37655
38410
36515
37873
38217
37760
37735
38389
38250
38030
38435
38325
37970
38513
37209
38022
40246
37980
37424
49059
38181
38067
38220
39419
38260
51239
38433
38490
39416
38028
38361
38367
37562
38469
36955
38386
38100
38348
37256
43684
38164
38063
38412
38690
38219
38272
38346
38485
38456
52132
38471
42443
38603
38023
38114
38025
42070
38066
39841
38407
39197
40155
38622
40393
38097
38623
51125
38786
38007
42547
52850
56269
38609
47620
44245
41942
47653
47756
51920
54276
47769
47768
45351
47719
47757
45220
55536
37377
37585
37621
36950
37364
37884
37997
38034
37699
34941
34532
38037
37815
38038
38033
38032
36967
38036
36952
36098
36896
35946
37396
36936
33010
35842
37407
36990
36538
33248
36927
37623
37303
37304
37682
35425
37308
34974
38739
37365
33438
38017
39731
38489
38057
39414
36857
41374
40765
38060
52095
44158
48270
52652
52130
43928
53102
45066
45069
45063
45052
44816
45047
53979
45044
56309
37095
37959
37902
38061
37703
38291
38211
51149
38676
38087
38206
38001
38493
38384
37450
37430
37349
36474
37991
37799
35972
37976
37475
37786
37497
37965
35847
36432
37202
37989
36653
37597
36632
37447
37823
37007
37722
36317
37579
37716
36510
37221
37992
36037
37206
37490
35835
37555
37496
37561
37232
37438
38235
37584
37106
36000
37657
36945
38083
38251
38254
38262
37988
38089
37990
37388
38203
38284
40249
37968
37117
38776
38147
38365
39820
38451
38427
38560
42468
48290
53042
56992
38528
38815
38777
38917
38395
37826
38628
38383
37618
38693
38212
37822
34539
38824
38491
38732
39993
38681
38775
38741
38902
38677
41188
38918
38473
38744
43878
38803
38556
38678
38403
38899
38632
38561
39767
38175
38545
39141
38446
38579
38674
38557
38626
38018
38616
38685
38705
38554
41079
38919
38683
38820
38907
38821
38497
39566
38827
38624
38805
39013
50842
38738
42513
38926
48852
49908
47624
53037
55067
47745
37449
38198
37996
37711
38360
38330
36889
36689
38031
38252
38265
38039
38453
38141
38095
38107
38760
38621
36537
37340
38828
36946
36286
39921
37897
38292
37306
37305
37764
37307
35228
35135
37207
35984
36858
37501
37586
36556
38021
38600
37915
37969
37827
41489
42193
52630
48310
52096
53080
45072
45079
52633
51777
45060
48183
44459
45046
45073
44666
45075
45067
55890
38249
37492
38936
38807
38733
38002
39477
38431
38768
36951
38958
38653
39605
37916
39094
38789
38050
38937
38046
38864
38429
38788
38540
38650
40001
38954
38711
56402
39611
38496
38925
37779
37999
35790
37510
37520
38101
37086
37982
36633
37451
37993
38145
37956
31537
37920
37979
37998
38062
37436
34209
37958
37975
37154
37869
38544
38301
37302
37509
37374
35313
38157
36483
38578
38162
38449
37747
38851
38199
38673
34332
48235
39007
39003
39679
37560
37472
41776
39012
48203
48332
49071
48228
47711
38797
39188
39042
40134
38664
39380
39325
39024
39674
38533
39080
37169
39022
38719
39191
39057
51915
39490
39588
38783
39572
39334
38837
39415
39339
51035
51867
51865
39559
39659
39629
39621
41222
40009
39431
51866
39027
39000
39498
39410
40016
44570
39564
39413
39230
42444
39618
42013
39711
39862
39562
55042
39205
42172
41100
42346
42446
42328
42799
49991
41097
39546
52849
47728
47450
47621
53020
47940
48002
47963
47861
54058
47663
47594
47473
47941
55119
38349
36792
38422
38710
38866
38470
38425
38708
38527
38995
38620
37286
38779
39365
38975
38865
38831
38994
38393
38562
48410
33049
34437
37055
37348
37515
37514
37986
37440
37442
37441
35868
37027
38464
38313
40298
38201
37516
38740
38530
38672
41182
37960
38012
48992
38646
38011
38014
38013
38743
38618
40440
54534
42262
53749
44296
52841
52631
54361
45083
45095
44802
56310
38699
39607
38972
39239
38921
39397
38895
38720
39066
42174
38667
39115
38981
49735
40002
50084
39117
39109
39430
48284
44184
43934
56298
56301
38000
38524
34134
38680
38003
36407
38186
38472
38759
38397
37435
38080
38778
36999
37614
38787
39063
37806
34620
37426
38731
38814
37952
37964
38295
38707
37940
38091
38098
39592
38004
38268
38226
38150
38860
39282
39622
39244
39699
39078
38767
39277
38804
39668
38881
39581
39039
39457
39031
39040
38857
39356
39798
39635
39528
39664
48350
48263
53043
56299
56414
38735
38935
37985
44042
39337
40313
39991
36871
35777
39421
40100
40013
39721
40749
40755
39178
39912
39654
40062
40143
39708
39589
39842
39734
39653
39678
40282
38916
39823
50120
39840
40568
42317
40757
55593
40117
40375
40395
51870
41080
50230
39663
42132
39650
39677
39696
39762
50640
41081
39839
40478
40029
40479
50452
48851
50233
40008
56624
47814
47275
47573
47993
47394
47319
39392
38915
35926
39085
39058
39471
39640
38798
39068
39466
39680
39526
38329
35848
38594
34544
37981
35678
9488
38081
38770
34972
38985
38897
39487
35645
37262
34649
38558
37600
41030
39249
38629
42906
39479
38647
38648
39351
41280
39002
40621
48386
52919
39412
39435
39436
53045
52856
44664
53951
52629
52627
53066
48242
45085
45081
44964
45088
45103
45092
56595
56421
39652
38999
37596
39606
39591
37973
40034
40179
38998
40753
39272
40015
42042
40030
52002
56302
38691
37521
38671
37347
36882
39533
39026
38753
38993
39326
37744
39198
38573
38610
38297
38480
39324
39071
39456
38959
39199
37926
38619
38940
39221
39417
32212
32843
38920
39836
39527
38009
36536
40167
39979
39620
49871
39978
40040
41777
44026
51754
48214
54291
56468
36903
38450
40256
40295
39963
36040
40031
40323
40076
40154
40369
38436
40394
40233
40151
40156
39676
39675
40181
39643
38715
40066
40876
49700
40180
40217
39067
42490
41215
41851
40756
40638
51684
41636
42055
42784
40163
41637
40412
40793
40033
51868
40376
40437
40484
40645
49560
42047
40385
40361
40430
40342
45040
40142
40223
39906
40141
40103
41136
42845
40570
40316
42061
45445
41391
52755
42373
52886
52885
50533
56270
52884
48101
53685
56882
47627
47451
55344
47815
50347
48003
51967
47838
47889
55076
54783
47964
45148
47857
38793
39651
39495
37773
38333
39530
39800
39638
39795
39972
38357
39299
39538
39794
39803
40305
40152
38826
38040
39741
38816
38234
39235
40080
36369
39014
37966
40211
39274
40111
39619
48305
41190
40238
41335
41808
40182
51095
49332
43297
44159
52770
45094
48211
45090
56311
40206
40064
40239
40176
39995
40405
39999
40157
40464
40462
40459
40431
43565
43417
42211
40495
48268
43939
38408
39195
39597
39701
38659
39940
39196
38483
38572
39468
40004
38084
39491
39523
37972
39030
37403
39539
37393
38889
38328
37525
37379
39570
39355
39799
40351
38161
36587
38276
39567
39811
38390
40196
39959
38529
38331
39590
39506
38670
40228
37268
39194
40320
40266
40197
40166
39183
40367
40423
40487
40368
39628
40832
41635
40455
48762
40589
48257
48192
44426
44425
40542
40269
39806
40784
38163
40254
39574
40178
40192
43779
40982
40894
40733
40438
41206
42163
38891
40711
42128
40806
40969
38467
40909
40966
42487
42913
40517
40693
39849
41317
42985
48672
40994
39851
40823
48606
44078
41059
40660
40707
44096
44213
42151
40838
40851
40768
41412
49798
41060
55043
41199
42447
49616
53893
44614
47716
47890
45091
55530
45096
55068
39819
40337
40023
40521
40048
40472
40336
39382
40212
40471
40398
40399
39565
38414
36885
39569
37498
39545
41590
40082
37828
36371
36370
39584
40335
39987
40109
38714
38850
39250
39967
39931
39529
48271
53975
48345
52628
54060
45089
45093
44887
45105
45027
55542
39705
40083
39689
40489
40807
40849
40315
40280
40761
39846
40477
40712
40578
38601
41463
40659
49739
40651
40769
40780
41052
40948
40799
40606
42800
40482
42181
47791
48285
56271
38883
39534
38656
38668
38790
40010
39017
37345
40046
38992
39792
39575
39988
38481
40483
38909
38924
38256
40392
38476
37522
39388
37576
40230
39583
38302
40148
39531
37890
35252
37870
39184
40738
39942
40136
39960
40763
40610
40850
40137
40995
40129
40714
40758
40939
41349
41276
42979
40953
54871
47977
56303
41094
40746
40858
40602
38663
41093
40861
41051
40940
46971
40613
42562
41531
41409
41454
41399
41063
41286
41691
41375
40989
40991
41211
41785
41555
41212
41339
41299
41217
41210
49134
40035
43729
40121
41854
41421
42454
43413
41545
39222
41547
41135
40036
40644
40037
52576
41477
41096
51324
42460
41460
41509
42463
52223
52882
52824
42147
41546
42458
54739
48045
47626
55360
44623
53686
48004
45121
54059
54402
42461
44727
47965
40262
40453
40102
40841
40372
40486
39470
40460
39610
40658
40519
41146
40700
40022
40639
40520
40959
40922
40801
40097
40762
39735
40636
52487
50848
36862
39576
37804
38088
39761
40314
40897
40332
37704
40331
40890
42476
40543
42074
40425
42456
45111
45120
54289
42549
41194
40873
41105
40656
40465
41271
40932
41285
51163
41360
40921
41564
40888
41192
41655
52433
48026
44185
43931
54292
40591
40221
40902
40417
39463
38555
41120
40060
40716
39710
39292
38830
40815
40532
40128
39469
40682
38843
40513
40165
39730
41074
40934
39049
40783
39966
40358
37962
39582
40504
40403
41266
40145
40506
40677
40327
40893
41558
41283
41405
40880
41381
41426
41062
41401
40983
40045
41529
41440
41470
41686
41384
41404
41638
48343
41101
41458
41778
41951
41522
48262
50997
48266
53380
53651
55087
56263
39555
38536
40005
38799
41332
41611
41660
40597
41224
40942
40854
42161
40734
41439
42194
38742
41124
39298
41511
40941
41528
39736
40208
42187
42267
42176
42044
42220
41802
41632
51036
42268
51135
42004
52554
41634
42209
42082
42455
41913
42158
40567
42658
50343
42445
42465
42507
42168
45448
42170
54741
50194
42448
50300
42464
49525
42164
52100
51966
55796
48063
54838
54709
45124
56107
40485
42519
41261
41260
40819
41236
41200
40855
41207
41397
41370
41512
41282
41235
41168
42488
48056
52624
52626
45113
41053
41061
40661
41549
43483
40073
41586
42486
43020
55033
42699
39587
40839
41353
40496
40956
39547
40052
40540
41226
40056
40708
40436
40623
40529
40074
40075
37587
39948
42260
38835
40473
38416
41807
42145
41383
42090
48250
42179
44002
48594
53371
48193
54667
56368
56356
56304
42603
40515
37932
40215
37936
41466
39519
40435
42517
42867
38990
41923
40735
42206
42723
41219
41917
42266
42284
42057
41916
42855
41884
42898
42290
42285
44590
42302
42291
44591
42791
50462
41137
42955
42794
42320
42319
41920
43769
42522
42491
51883
42500
52486
42345
42331
42834
42546
44571
42835
50480
42333
51602
42332
42330
55044
52610
56807
53520
44013
48006
48023
42812
51261
48055
47816
53687
50535
47717
54396
56527
47386
45149
47475
56156
40936
41848
42048
42031
42224
42324
41659
41795
41794
42223
42141
41824
37987
33050
40421
40615
40416
42091
39753
42387
40665
42593
40044
41205
40329
42914
42737
42836
42485
42296
50110
41734
42815
45935
42667
40863
48120
52910
45114
45065
56422
57016
43683
42364
41341
41008
40924
42685
48861
41568
42797
54778
55023
42602
55393
40748
40776
41389
40454
41433
40911
40571
40497
41619
41345
41380
40595
41006
41930
40397
41312
39790
40059
40974
41911
40359
41783
40550
40879
42571
40906
41834
38337
40803
42668
41372
39681
39609
37599
41364
40958
42238
38005
42391
40272
40833
41574
40085
38669
42883
42514
44056
42295
43350
42657
42482
42717
43416
42998
41813
52066
52030
52968
48245
54293
56919
56902
40730
44059
40979
39990
43349
42714
42640
44270
44221
43353
41223
42414
41688
44218
43568
45567
45574
43791
43751
42831
43745
45196
44050
44129
43626
42829
42946
42956
51240
45599
42947
42950
47811
44097
42949
44047
43727
44062
46000
44513
45585
44410
43711
42148
39023
45600
42890
51884
45195
46089
44752
42885
42952
50898
51888
42804
44228
42966
45169
48645
43288
44429
45612
44053
50349
45611
45447
44063
49654
43207
44048
45042
44130
42948
42967
42969
52870
51153
52869
43696
52957
55045
47810
56528
44248
35960
42803
42756
43793
42592
42591
43013
40901
41396
41793
42848
44193
42757
43426
40456
40787
41468
38085
42423
41379
40646
42392
40881
40853
40747
40267
42129
39585
42106
40845
35609
42750
41714
41519
40587
42641
44585
48421
51957
51121
48121
48337
51640
45118
52625
54038
45115
52854
52584
55622
56423
45598
43555
42143
42832
44236
55005
48436
50111
44202
43712
50518
52518
44409
48109
55553
55135
54230
40028
42897
39535
40852
39551
39617
42203
43299
39783
40750
42923
40935
37984
41491
41899
40908
40530
40594
39586
41109
41694
38474
40907
39808
41392
42250
40679
38853
41762
42822
40842
40961
40930
46118
42941
40786
40964
42825
41573
41556
39725
44235
32455
44208
36458
42959
44191
41520
42506
41521
45782
40957
42981
42653
44040
45207
45596
48495
49078
44702
52052
51753
49920
53381
53652
54128
55257
56921
56305
56482
43690
37994
45556
47398
44070
44044
42862
45999
44196
43467
43466
44412
48824
49202
48615
48577
45658
43001
41842
47044
47614
49580
45558
48467
47537
48392
48694
48829
47795
48409
46735
46004
48759
48952
48097
46821
46003
46119
48369
45643
47403
46639
48480
46084
49112
45518
53860
45557
48576
48374
48616
48543
53008
51886
48570
49978
46630
48512
47618
48575
52295
50419
52519
41250
52823
51438
51532
48452
48589
48754
47426
42550
47425
45997
48544
48628
52877
52224
48899
53272
48988
47572
51758
51964
47819
51938
54359
45860
54403
56612
53593
47862
48105
48104
55531
55066
33839
35746
43465
41290
40778
44192
48450
48449
47410
44211
44194
37483
48568
39722
42805
3786
39486
37807
42894
40814
40024
39166
40429
41674
47413
44061
41307
42422
46491
51466
46650
49341
53137
51635
48126
48128
48129
52712
45119
44087
45753
47616
48456
42990
55032
45605
48432
50001
49122
47542
53014
51756
56332
42249
41587
41025
42361
41457
40938
46095
42938
46102
41623
40586
41456
41488
41402
43007
42205
42192
43325
43439
44276
41103
40174
40729
42826
42590
40870
41265
40685
43756
42395
40752
47250
42307
43229
40526
47391
42568
42774
47639
45665
43763
42516
42321
45587
42071
48365
45618
44273
48442
48391
46381
46652
42870
43778
48517
44848
48770
42068
48486
48790
48789
48539
50998
56264
56361
56410
56360
43692
44074
44942
43697
48590
49236
47591
49200
43591
39728
49066
48727
47904
48735
37346
47405
41221
49215
48537
49501
48481
42359
48953
44068
48455
48684
42178
49214
48956
41918
49305
48555
44041
49170
48845
48942
48791
44090
48610
49510
51996
48890
49098
49370
49118
48866
51196
49274
48864
48873
49975
44209
52878
48994
48844
50794
53249
53575
51151
50289
55594
52996
49549
49615
53501
50293
51759
50296
51965
51963
51968
43609
44983
48468
48626
48651
48697
48513
48889
48422
48654
48652
48843
38086
37765
41361
35759
39764
40664
48612
42798
45620
41780
41781
40554
45654
41028
48130
53118
52583
45112
52714
52715
56317
48614
49318
49235
45604
49026
49241
46587
49755
49228
49060
53015
52227
41487
39247
48580
43523
41710
46471
43969
44203
40904
48849
48753
47257
42282
40620
42340
43814
41812
42625
42627
46093
44881
40960
45572
48406
48488
48492
43691
41169
41530
43767
48470
45577
48252
49110
37008
43741
48859
49079
49221
56306
56478
42940
49605
49357
40434
49854
48641
48941
46701
49730
42976
49915
49652
48962
49895
45961
49507
49860
49989
49661
44067
49204
49410
49592
49982
40885
49392
48892
48177
44065
49386
49948
49448
44071
49633
48875
49208
50046
49873
49275
49952
44376
50202
40732
49398
49708
44411
49718
50097
49841
44075
50258
49433
49941
49794
49668
49442
49771
49284
48000
49620
51348
49276
49355
50841
49985
50882
55052
49445
49205
49277
52488
55975
49354
51563
54127
49509
54065
52838
49379
53032
53856
54404
55133
56458
44931
48438
49457
48755
49020
48698
49095
49335
49222
48880
49353
49329
43506
44200
39175
44807
46420
41497
38400
44586
42030
41140
41471
43755
41462
38882
49409
49467
44616
43204
50206
53598
48352
49146
49369
50872
48123
53794
50299
51601
52230
48784
52713
53977
52947
54268
54267
54096
55618
49483
49297
49287
49550
49627
49487
49138
49848
48627
49290
48678
49396
48976
49395
49913
49348
49321
49495
49581
51018
49414
49963
49584
56561
45576
48926
49926
40834
47790
48556
48483
48569
46352
44961
42351
44037
48761
46985
42544
48471
45055
44940
38192
48804
41833
48776
44387
44275
49292
48505
40608
48567
48858
49505
48466
48775
44274
38749
48680
42587
49515
49040
48644
49263
38440
33737
48862
39893
49285
49431
49664
47623
49184
50141
50052
55977
50142
51752
55659
56272
56290
56573
48661
48707
44069
48453
44406
50325
45489
47792
49637
50105
44064
49847
49701
49123
50622
49165
49571
49211
50274
50021
50689
50581
50207
51241
50597
50647
49569
51665
44389
44072
50501
52822
40717
49380
50398
50604
50515
50588
50378
50521
50290
48810
46924
50136
50280
50603
55355
52006
50657
50503
50383
50644
51871
50845
50090
51216
51197
50510
52485
50621
50810
52880
50388
55207
49598
51397
52879
52378
50232
50295
50294
50297
54475
56292
50292
51760
50703
55104
56917
49053
50161
49944
49524
49945
49295
40389
49338
49762
49987
42383
49943
50251
49760
48561
42916
48171
42847
48780
41877
35136
38373
48411
49402
43762
41814
47409
49426
50427
49471
48951
43780
50326
50191
51071
50064
52769
50282
48703
51589
52716
50321
52855
49434
56593
48375
53672
49361
50475
49869
50209
49866
50696
50474
50770
50094
49690
52751
50662
50691
56294
47778
48583
48736
40507
47159
49114
41946
48414
49930
47161
44055
49721
48553
48997
44516
48239
42670
42072
45560
49738
50185
50204
45425
42892
49385
49519
46604
49969
40488
43735
42808
49514
45783
50267
50599
50281
49780
39917
50418
50285
50495
50522
50681
51132
51154
52076
51755
52053
51997
53830
53372
55048
55105
56265
56275
49909
37914
43693
50673
49587
49223
49942
50411
49939
50208
51218
51243
51068
51309
51340
50667
50444
50930
51542
50430
51131
50925
51013
50762
51349
50934
51465
51043
51543
50441
48582
51457
50544
51263
51768
51439
49844
52216
50565
51008
50629
52011
51623
53861
51414
50271
51424
51300
50840
50849
48914
51150
49806
51885
55362
51000
51183
56059
50993
51412
51299
51405
50572
50797
51236
51238
51413
53275
51469
54119
51211
51262
53573
51939
53036
53726
53709
55132
48405
49316
49521
50634
50192
50488
50237
50846
49518
50654
50156
50487
50434
51088
50051
50435
49310
38015
49345
42886
49665
40722
41782
50414
44025
50970
51877
51880
51881
54346
54269
51879
55589
54090
56383
50360
49893
50916
50532
50768
51616
49532
51225
50905
50919
51296
48954
53642
51544
51198
50790
51336
51237
52023
56518
50265
43608
40356
45613
47194
50631
50273
49520
48760
50461
50175
50380
48675
48415
41461
48643
49052
47162
48842
42429
43470
48779
48702
42745
49692
50248
50160
50338
48742
48363
49831
49556
48916
49160
48857
49342
49691
48777
50955
50678
50012
50685
50862
50438
50789
50060
50607
50250
51569
51155
51636
51037
50193
50600
52463
50799
56132
56345
56307
50549
39518
50953
41915
39489
51781
41595
51145
49599
41750
39935
52289
51335
50443
52015
50571
51685
49570
51738
50433
50575
51645
52977
51735
52101
51554
50633
44073
51862
51863
51941
52763
51681
52612
52010
51791
51864
51887
51520
52200
52000
40808
51825
51824
52811
51766
52105
51765
51385
51746
52761
52762
52808
52019
52810
53055
52812
51821
52368
52004
53341
51682
51937
51496
53675
52840
52292
53902
53387
53373
53868
54668
55564
56529
53727
56988
56728
49733
51217
50436
51294
51664
50804
51723
51736
51463
51594
49423
51663
48548
48903
41567
49722
50653
48830
39938
49320
48624
49827
47777
49845
50562
51147
52836
53971
52835
53624
52452
54089
51562
49291
52199
51525
51534
51780
51782
51778
51538
52226
52228
52225
51096
50346
48895
48413
50709
41084
42963
49220
47164
49470
51213
44524
51417
51064
49776
49438
47163
45653
51837
49782
51381
48649
50891
51368
41589
42994
40590
51371
50917
50203
51923
38006
50221
50470
51092
50760
50379
50099
51692
50999
35335
51773
49819
49551
52814
50985
52162
51839
52337
52815
53044
56357
56480
42310
51367
50339
50404
49590
51366
51347
50421
44408
52178
48897
52045
44390
51039
53074
49574
52020
49460
51203
52562
52890
51280
43694
51038
52273
49759
50537
50401
52420
52970
52765
51861
48965
53076
48867
50025
53085
51490
52623
51860
44079
49796
51726
52942
56523
52221
50439
51517
50539
51492
53248
50920
50636
52355
52497
52187
52180
51558
52881
52523
51834
52892
52365
53395
51361
52834
51936
52911
52597
53215
54330
52867
52900
51382
50458
54174
52553
54991
53606
53993
55943
55024
54711
54992
56903
50672
51473
51662
52185
51722
52104
52252
51737
51721
51988
52245
50958
52244
52197
51338
50410
50593
38475
49938
43556
49283
51805
48573
49119
43205
43206
50963
51334
52992
52993
52265
53196
49843
53403
53967
53676
54091
55602
56312
56590
56585
57018
50612
52168
52357
51251
52921
51989
52573
51234
52551
53183
52748
53443
53135
52071
53479
44511
50602
50172
49596
49918
48316
41467
47917
50425
49709
49891
42962
49784
52046
50710
51098
49979
52193
49828
51403
51128
48542
51212
50205
50528
51680
50590
50923
49849
50348
30455
50663
52976
51464
51306
50552
49533
48491
52381
49304
50638
51293
46654
50010
53012
43771
51986
49179
50559
53011
52460
52935
52964
53320
52319
53408
55660
56274
55838
56411
52865
53273
53149
50315
53236
53406
38982
52291
53414
52717
49163
53933
50469
53852
50403
53599
53680
51191
50538
51772
53955
53585
52684
53670
53947
52949
51390
50406
51769
53619
49851
53905
44233
53934
53595
50240
51549
50432
50446
49750
54050
53477
49432
53473
53476
50445
54683
53958
53327
53618
53432
53251
54210
53530
54021
53783
55356
53368
55278
53639
53498
50529
55179
53883
52421
54131
56526
53662
53220
53589
54558
53728
53226
55059
55060
56643
52617
52402
52904
53204
53258
52601
53070
52561
53229
53257
50594
52198
49877
50275
49834
49835
45649
51116
44141
51307
52085
53588
52980
53491
54674
53657
53840
53391
56291
54290
54388
55541
51533
52281
52149
53873
53235
53890
53731
53131
54075
53603
53402
54976
53907
53766
54022
54218
54024
56448
56295
56276
49387
52305
50608
48417
50739
50197
50330
51105
53411
41514
53446
53111
52173
50932
51815
51462
52736
52093
49612
50854
44204
51711
51252
51678
50481
52446
51265
49109
49980
49154
51495
50652
52461
53213
50606
50384
52826
50864
53179
43760
52274
48441
50287
49376
53874
53162
50284
51586
53077
53132
53716
51940
53424
49820
53231
53655
56266
56483
56479
56409
56359
49618
53148
52031
50598
54463
54029
51288
54042
54005
49164
53109
54718
54198
54035
49522
54312
54133
54535
54278
55004
54285
55691
54357
54084
53919
54009
54340
50400
54437
54123
52522
54810
54782
41503
54725
54809
51383
54124
52680
54767
53367
54745
54631
55365
51207
54018
54737
54444
54014
54637
54261
51897
54692
53857
54061
54033
55191
54648
53382
54646
54224
54434
55345
52735
54684
55301
54547
54545
55302
54919
55196
55300
56525
55299
54546
54880
54693
56455
55722
55721
53425
53702
53677
53725
53492
53724
53678
54015
53946
53506
52752
54591
51440
52364
50587
50183
52186
53850
53851
53780
51404
45731
44212
53849
50675
52318
53499
54662
54602
53634
54832
55271
56375
56374
51535
54225
53246
54656
54775
54117
54761
54755
54864
51019
52034
46569
48549
53393
52211
53126
51958
52830
50307
50416
52578
53613
50796
52955
51693
52608
50220
52657
51705
52308
51632
52092
51706
52973
51219
53199
45486
48981
50002
53621
46422
52081
51614
51817
54259
53163
52229
53876
53587
51139
51536
53097
53698
54738
50871
51415
52614
54040
54630
54933
54644
54781
54762
54216
55047
54848
55195
53514
55020
54659
56267
56354
56308
56358
56475
56575
56476
56477
44388
54846
54850
49572
50429
55272
51761
55720
54772
51653
54917
54851
51065
52999
50431
51836
41220
51289
55151
55093
55655
55725
54881
55225
54875
54973
55130
54990
55009
54997
55186
55014
54895
54736
55015
55753
54931
54974
55192
55804
54779
55739
54928
54773
54949
55754
55279
54352
55305
55319
55656
55563
55724
55572
55657
55726
55821
54746
55226
54953
55757
55723
55138
56419
56730
56996
56796
46431
53671
54629
54623
48917
54013
54622
55181
54353
54849
48585
53129
52747
39905
41141
51716
53540
41029
54118
54796
56601
54135
56321
56577
56339
56335
56338
55846
56586
56337
56323
55339
55289
55647
55283
55517
56638
56268
56296
51009
51179
54112
54856
53998
51552
51498
54234
53050
54898
48633
50582
52969
53632
54790
53200
52619
50613
52505
49894
51764
53379
51916
53263
54275
51020
49858
53438
52611
52082
54760
51458
54842
53787
53428
54947
52214
53026
51304
54883
54959
55166
53426
52079
54854
56105
54847
55948
56674
56481
56572
56560
56574
56909
56916
49413
51318
55454
55651
51369
49430
54141
53911
50407
55578
56218
53720
53859
55731
54495
53627
55616
56111
55762
56172
55463
55692
53448
56273
55790
53079
55733
55684
48964
49742
55993
56758
55809
51727
55957
56213
56830
56064
51287
56740
56558
55693
51291
55694
56702
56562
55740
55829
55864
55745
55738
56376
56717
56791
56695
56552
55939
56439
55920
56178
56164
56716
56342
56246
56157
56040
55746
56579
55856
56578
56773
56041
56774
56293
56371
56703
56206
56486
56629
56771
56576
56942
49793
54912
55547
55524
55161
55003
55526
55145
55162
55146
55548
55902
55512
55849
49303
36699
51995
54398
53882
51585
55640
49120
54650
53810
54945
56589
56795
56372
56262
56315
56319
56559
56261
56373
56144
56320
56318
56333
56334
56798
56336
56322
56799
56797
55818
53127
54915
56243
55878
56442
56605
56106
40357
53887
47160
52991
54595
55644
52741
54918
54362
54492
52990
54714
52347
51297
53439
50664
50184
53879
53040
54743
54103
53833
55742
52934
51215
53300
54852
53494
51794
54301
56425
53237
49766
50695
53262
52962
54431
52985
50586
53881
54041
50583
51956
55153
55310
55894
54616
54798
53848
51305
53526
54803
53633
42385
54858
44583
54716
54638
44081
54294
55775
54914
56566
56487
56588
56505
56504
56677
50995
56997
56484
56485
56986
56892
35737
50399
56146
48425
53150
56842
54902
53151
54633
56497
55125
56885
56524
56765
56764
56766
55732
56787
56930
57003
56958
56820
56772
56963
56904
56978
56622
56853
56975
56869
56623
56893
56927
56987
56981
57015
54565
54792
55850
56511
56153
56154
56512
56654
56778
56779
56852
56800
56905
53888
54870
49842
39167
54122
55149
49523
48426
50553
56685
55115
55970
54923
54764
54860
56544
53936
54989
56970
56910
56908
56671
55237
56741
56743
55802
